"Asaph_077" "Asaph_078" "David_003" "David_004" "David_011" "David_012" "David_018" "David_019" "David_025" "David_026" "David_032" "David_033" "David_039" "David_040" "David_055" "David_056" "David_062" "David_063" "David_086" "David_101" "David_124" "David_131" "David_142" "David_143"
" " 47.3257698541329 47.7504638218924 47.4480151228733 48.1418918918919 47.2061657032755 47.1947194719472 48.1303930968361 47.6923076923077 47.2984206151288 47.7037037037037 47.2256473489519 47.3909324208725 48.4037075180227 48.318462594372 47.9442970822281 47.5815523059618 48.1220657276995 48.5915492957746 48.5462555066079 47.5247524752475 46.6970387243736 48.3739837398374 47.8108581436077 48.2006543075245
"י" 6.72609400324149 5.98330241187384 8.69565217391304 6.08108108108108 7.51445086705202 5.94059405940594 8.53307766059444 6.97435897435897 9.14380714879468 7.40740740740741 8.01479654747226 6.15911035072712 7.31204943357364 7.34385724090597 7.69230769230769 7.7615298087739 6.45539906103286 7.74647887323944 6.87224669603524 7.59075907590759 5.69476082004556 6.91056910569106 9.10683012259194 8.50599781897492
"ו" 4.86223662884927 7.74582560296846 5.10396975425331 6.08108108108108 6.74373795761079 6.27062706270627 6.35985937999361 5.74358974358974 6.48379052369077 4.74074074074074 5.30209617755857 6.67236954662104 3.60453141091658 5.55936856554564 5.90185676392573 3.71203599550056 5.75117370892019 3.94366197183099 5.19823788546256 2.80528052805281 7.06150341685649 6.50406504065041 4.2031523642732 3.38058887677208
"ל" 4.53808752025932 3.98886827458256 3.40264650283554 3.5472972972973 2.3121387283237 3.63036303630363 3.54745925215724 2.66666666666667 3.24189526184539 3.25925925925926 4.80887792848335 3.9349871685201 4.11946446961895 3.63761153054221 4.31034482758621 5.51181102362205 4.81220657276995 2.95774647887324 3.61233480176211 4.62046204620462 4.1002277904328 7.31707317073171 3.85288966725044 3.05343511450382
"ה" 3.322528363047 2.82931354359926 5.2930056710775 4.05405405405405 4.04624277456647 3.13531353135314 2.55672738894215 4 3.82377389858687 3.85185185185185 3.0826140567201 5.8169375534645 3.60453141091658 3.63761153054221 3.31564986737401 3.82452193475816 3.05164319248826 3.52112676056338 3.78854625550661 2.64026402640264 4.78359908883827 3.2520325203252 3.85288966725044 2.72628135223555
"א" 4.13290113452188 3.40909090909091 3.40264650283554 2.7027027027027 1.73410404624277 3.13531353135314 2.71652285075104 2.35897435897436 3.57439733998338 3.85185185185185 3.45252774352651 2.48075278015398 3.81050463439753 3.98078242964997 3.84615384615385 4.94938132733408 3.87323943661972 2.67605633802817 4.75770925110132 4.12541254125413 2.50569476082005 3.65853658536585 3.85288966725044 2.83533260632497
"ר" 2.83630470016207 3.06122448979592 3.21361058601134 2.36486486486486 2.89017341040462 3.46534653465347 2.68456375838926 2.66666666666667 3.24189526184539 1.48148148148148 2.71270036991369 3.07955517536356 1.85375901132853 2.8140013726836 2.78514588859416 2.81214848143982 1.40845070422535 2.67605633802817 1.40969162995595 3.7953795379538 2.73348519362187 1.21951219512195 2.27670753064799 2.29007633587786
"מ" 2.43111831442464 2.22634508348794 2.45746691871456 2.36486486486486 1.73410404624277 2.97029702970297 3.29178651326302 4.41025641025641 1.74563591022444 2.81481481481481 1.35635018495684 2.56629597946963 3.19258496395469 2.33356211393274 3.31564986737401 1.79977502812148 2.46478873239437 2.25352112676056 1.3215859030837 2.80528052805281 1.82232346241458 4.0650406504065 3.32749562171629 2.50817884405671
"ב" 2.0259319286872 3.45547309833024 3.40264650283554 4.56081081081081 1.92678227360308 2.47524752475248 2.01342281879195 2.56410256410256 2.16126350789692 3.25925925925926 2.95930949445129 3.33618477331052 2.3686920700309 2.33356211393274 3.05039787798408 2.92463442069741 3.28638497652582 3.94366197183099 2.29074889867841 4.62046204620462 2.0501138952164 1.6260162601626 1.75131348511384 2.72628135223555
"ת" 2.51215559157212 2.11038961038961 1.89035916824197 2.19594594594595 2.11946050096339 3.7953795379538 2.74848194311282 2.87179487179487 2.24438902743142 2.51851851851852 2.34278668310728 1.53977758768178 3.70751802265705 3.63761153054221 2.18832891246684 2.02474690663667 2.58215962441315 2.53521126760563 2.37885462555066 2.97029702970297 0.683371298405467 2.84552845528455 3.1523642732049 3.4896401308615
"ש" 1.45867098865478 2.08719851576994 2.64650283553875 1.85810810810811 2.50481695568401 2.64026402640264 1.98146372643017 2.05128205128205 1.82876142975894 1.92592592592593 1.97287299630086 2.48075278015398 1.85375901132853 2.19629375428964 2.05570291777188 1.79977502812148 2.23004694835681 2.95774647887324 2.20264317180617 2.47524752475248 3.41685649202733 2.03252032520325 1.40105078809107 2.07197382769902
"נ" 1.70178282009724 1.71614100185529 1.89035916824197 2.53378378378378 2.69749518304432 2.47524752475248 1.82166826462128 1.53846153846154 2.16126350789692 2.81481481481481 1.47965474722565 2.39520958083832 2.47167868177137 1.57858613589568 1.92307692307692 1.79977502812148 1.64319248826291 1.69014084507042 3.34801762114537 2.14521452145215 5.92255125284738 2.03252032520325 2.1015761821366 3.05343511450382
"ע" 2.10696920583468 1.71614100185529 2.07939508506616 1.35135135135135 1.92678227360308 1.65016501650165 2.30105465004794 1.43589743589744 1.57938487115544 1.92592592592593 2.09617755856967 1.53977758768178 2.05973223480947 1.92175703500343 1.79045092838196 1.34983127109111 1.99530516431925 1.26760563380282 1.76211453744493 2.47524752475248 2.0501138952164 2.84552845528455 1.22591943957968 1.74482006543075
"ד" 1.62074554294976 1.25231910946197 0.945179584120983 2.19594594594595 2.11946050096339 1.98019801980198 1.59795461808885 1.84615384615385 1.82876142975894 1.77777777777778 1.72626387176326 1.45423438836612 2.26570545829042 1.16678105696637 1.39257294429708 1.68728908886389 1.76056338028169 1.54929577464789 2.37885462555066 1.98019801980198 0.911161731207289 2.03252032520325 1.92644483362522 2.07197382769902
"ם" 1.94489465153971 2.6669758812616 1.70132325141777 1.18243243243243 1.54142581888247 1.81518151815182 1.40620006391818 2.35897435897436 0.914380714879468 2.07407407407407 1.10974106041924 1.45423438836612 0.720906282183316 0.480439258750858 1.3262599469496 3.03712035995501 1.76056338028169 0.845070422535211 1.05726872246696 1.15511551155116 2.50569476082005 0.813008130081301 0.350262697022767 0.654307524536532
"כ" 1.05348460291734 1.53061224489796 1.51228733459357 1.52027027027027 1.73410404624277 1.15511551155116 1.2464046021093 0.512820512820513 1.74563591022444 1.33333333333333 1.60295930949445 1.53977758768178 1.64778578784758 0.823610157858614 0.928381962864722 1.12485939257593 1.76056338028169 2.11267605633803 1.58590308370044 0.99009900990099 0.227790432801822 1.21951219512195 1.0507880910683 1.85387131952017
"ח" 1.70178282009724 1.27551020408163 0.378071833648393 1.85810810810811 1.92678227360308 0.825082508250825 1.59795461808885 1.12820512820513 1.41313383208645 1.33333333333333 1.35635018495684 1.71086398631309 1.44181256436663 1.64722031571723 1.52519893899204 1.5748031496063 1.40845070422535 1.54929577464789 1.40969162995595 0.33003300330033 1.36674259681093 0.40650406504065 1.40105078809107 1.52671755725191
"ך" 1.21555915721232 0.139146567717996 0.378071833648393 0.168918918918919 0.192678227360308 0 0.351550015979546 0.41025641025641 1.41313383208645 1.18518518518519 1.23304562268804 0.256629597946963 1.13285272914521 1.30404941660947 0.397877984084881 0.674915635545557 0.821596244131455 2.25352112676056 2.20264317180617 0.825082508250825 0.227790432801822 0 0.700525394045534 2.29007633587786
"פ" 0.729335494327391 0.99721706864564 0.378071833648393 0.506756756756757 2.11946050096339 0.825082508250825 0.671140939597315 1.33333333333333 0.58187863674148 1.18518518518519 0.739827373612824 0.427715996578272 0.82389289392379 1.09814687714482 0.928381962864722 1.23734533183352 0.586854460093897 1.40845070422535 0.969162995594714 0.33003300330033 1.82232346241458 1.21951219512195 1.40105078809107 1.30861504907306
"ק" 1.05348460291734 0.602968460111317 1.13421550094518 1.01351351351351 1.15606936416185 0.99009900990099 0.798977309044423 1.33333333333333 0.415627597672485 0.740740740740741 0.493218249075216 0.342172797262618 0.308959835221421 0.686341798215511 1.12732095490716 0.449943757030371 0.586854460093897 0.563380281690141 0.616740088105727 0.99009900990099 0.455580865603645 0 1.22591943957968 0.54525627044711
"צ" 0.648298217179903 0.579777365491651 0.378071833648393 0.675675675675676 1.34874759152216 0.495049504950495 0.671140939597315 1.23076923076923 0.748129675810474 0.296296296296296 0.739827373612824 0.855431993156544 0.617919670442842 0.823610157858614 0.331564986737401 0.674915635545557 0.821596244131455 0.563380281690141 0.26431718061674 0.33003300330033 0.227790432801822 0 0.875656742556918 0.981461286804798
"ן" 0.567260940032415 0.834879406307978 0.378071833648393 0.337837837837838 0.578034682080925 0.66006600660066 0.479386385426654 0.717948717948718 0.332502078137988 0.444444444444444 0.739827373612824 0.513259195893926 0.514933058702369 0.480439258750858 0.464190981432361 0.112485939257593 0.117370892018779 0.563380281690141 0.440528634361233 0.33003300330033 0 0 0.700525394045534 0.109051254089422
"ס" 0.648298217179903 0.626159554730983 0.945179584120983 0.675675675675676 0.963391136801541 0.66006600660066 0.543304570150208 0.307692307692308 0.58187863674148 0.740740740740741 1.60295930949445 0.513259195893926 0.720906282183316 0.61770761839396 0.596816976127321 0.224971878515186 0.586854460093897 0.28169014084507 0.440528634361233 0.66006600660066 0 0 0.525394045534151 0.54525627044711
"ג" 0.891410048622366 0.487012987012987 0.189035916824197 0.506756756756757 0.192678227360308 0.495049504950495 0.990731863215085 0.717948717948718 0.249376558603491 0.296296296296296 0.493218249075216 0.598802395209581 0.82389289392379 0.480439258750858 0.331564986737401 0.337457817772778 0.469483568075117 0.28169014084507 0.352422907488987 0.495049504950495 0 1.6260162601626 0.525394045534151 0.109051254089422
"ז" 1.13452188006483 0.394248608534323 0.189035916824197 0.844594594594595 0.578034682080925 0.66006600660066 0.383509108341323 0.615384615384615 0.415627597672485 0.296296296296296 0.246609124537608 0.171086398631309 0.205973223480947 0.549073438572409 0.0663129973474801 0.337457817772778 0.938967136150235 0.704225352112676 0.440528634361233 0.33003300330033 1.13895216400911 0 0.525394045534151 0.436205016357688
"ט" 0.0810372771474878 0.278293135435993 0 0.675675675675676 0.192678227360308 0.165016501650165 0.223713646532438 0.205128205128205 0.665004156275977 0.444444444444444 0.739827373612824 0.427715996578272 0.411946446961895 0.549073438572409 0.331564986737401 0.449943757030371 0.586854460093897 0.140845070422535 0.352422907488987 0.33003300330033 0.911161731207289 0 0.525394045534151 0.436205016357688
"ץ" 0.162074554294976 0.0695732838589982 0 0 0 0.165016501650165 0.0958772770853308 0.205128205128205 0.0831255195344971 0.148148148148148 0.123304562268804 0.256629597946963 0 0 0 0 0 0.28169014084507 0 0.33003300330033 0.227790432801822 0 0.175131348511384 0.327153762268266
"ף" 0.567260940032415 0.139146567717996 0 0 0 0.33003300330033 0.159795461808885 0 0 0.148148148148148 0.123304562268804 0 0 0 0.0663129973474801 0.112485939257593 0 0.140845070422535 0 0 0.227790432801822 0 0.175131348511384 0.218102508178844
"t" 0 0 0.378071833648393 0 0 0 0 0.102564102564103 0.0831255195344971 0 0.123304562268804 0 0 0 0 0.112485939257593 0 0 0 0 0 0 0 0
"c" 0 0.023191094619666 0 0 0 0 0.0319590923617769 0 0 0 0 0.0855431993156544 0 0 0 0 0.117370892018779 0 0 0 0.227790432801822 0 0 0
"d" 0 0.023191094619666 0.189035916824197 0 0 0 0.0319590923617769 0 0 0 0 0 0 0 0.0663129973474801 0 0 0 0 0 0 0 0 0
"m" 0 0 0 0 0 0 0.0319590923617769 0 0 0 0 0 0 0 0 0 0 0 0 0 0 0 0 0
