"Asaph_050" "Asaph_073" "Asaph_074" "Asaph_075" "Asaph_076" "Asaph_079" "Asaph_080" "Asaph_081" "Asaph_082" "Asaph_083" "David_005" "David_006" "David_007" "David_008" "David_009" "David_013" "David_014" "David_015" "David_016" "David_017" "David_020" "David_021" "David_022" "David_023" "David_024" "David_027" "David_028" "David_029" "David_030" "David_031" "David_034" "David_035" "David_036" "David_037" "David_038" "David_041" "David_051" "David_052" "David_053" "David_054" "David_057" "David_058" "David_059" "David_060" "David_061" "David_064" "David_065" "David_068" "David_069" "David_070" "David_103" "David_108" "David_109" "David_110" "David_122" "David_133" "David_138" "David_139" "David_140" "David_141" "David_144" "David_145"
" " 47.5764354958986 47.5903614457831 47.9327259985985 47.5187969924812 47.9315263908702 46.9844357976654 47.3262032085562 47.6538060479666 47.5161987041037 47.5855130784708 47.3745624270712 48.2280431432974 47.8260869565217 47.6897689768977 47.4178403755869 47.6426799007444 47.2332015810277 48.6559139784946 47.5177304964539 46.5648854961832 47.3321858864028 47.2750316856781 48.1025641025641 48.8317757009346 47.9699248120301 48.1012658227848 48.0337078651685 47.1385542168675 47.5753604193971 47.949162333911 46.8575974542562 48.1828193832599 47.9784366576819 47.5924333619948 48.2785003825555 48.0593607305936 48.0613893376414 48.2912332838039 47.6894639556377 47.117296222664 48.2716049382716 47.2184531886024 47.3143759873618 47.5706214689266 48.1188118811881 47.2266244057052 47.5056689342404 47.3279352226721 47.9458041958042 47.7040816326531 47.633824670287 47.5816993464052 48.2720178372352 47.7223427331887 47.4747474747475 48.2758620689655 48.2820976491863 47.9381443298969 46.9135802469136 47.9833101529903 46.5700483091787 46.6067048242028
"י" 7.08426547352722 6.89424364123159 5.25578135949544 6.76691729323308 5.84878744650499 5.05836575875486 5.61497326203209 6.15224191866528 6.0475161987041 6.03621730382294 6.76779463243874 8.32049306625578 7.95559666975023 6.10561056105611 6.57276995305164 9.92555831265509 7.5098814229249 4.03225806451613 8.08510638297872 8.11068702290076 6.36833046471601 5.5766793409379 7.74358974358974 8.41121495327103 5.56390977443609 8.49909584086799 6.60112359550562 6.62650602409639 8.25688073394495 8.08781051415367 7.15990453460621 7.54405286343612 6.60377358490566 6.31986242476354 8.26319816373374 8.33333333333333 6.21970920840065 5.49777117384844 6.6543438077634 8.15109343936382 5.80246913580247 5.56309362279512 7.97788309636651 5.64971751412429 7.52475247524752 6.65610142630745 6.00907029478458 6.88259109311741 7.99825174825175 8.6734693877551 6.82699767261443 6.1437908496732 7.30211817168339 7.59219088937093 7.27272727272727 5.74712643678161 7.59493670886076 6.99558173784978 7.85634118967452 7.92767732962448 7.43961352657005 5.56009811937858
"ו" 4.39970171513796 5.62248995983936 4.20462508759636 5.11278195488722 5.56348074179743 6.03112840466926 5.4367201426025 5.21376433785193 6.26349892008639 6.63983903420523 5.25087514585764 4.9306625577812 6.66049953746531 5.44554455445545 6.02503912363067 3.72208436724566 5.13833992094862 5.37634408602151 4.25531914893617 4.00763358778626 6.88468158347676 6.21039290240811 6.46153846153846 3.73831775700935 7.5187969924812 5.33453887884268 6.32022471910112 8.8855421686747 5.5045871559633 4.50606585788562 8.19411296738266 6.00220264317181 4.85175202156334 7.52364574376612 5.3557765876052 6.16438356164384 4.03877221324717 5.64635958395245 4.25138632162662 3.77733598409543 4.19753086419753 4.88466757123474 6.16113744075829 5.08474576271186 3.16831683168317 7.44849445324881 4.98866213151927 5.10121457489879 5.24475524475525 6.12244897959184 7.05973622963538 5.22875816993464 6.74470457079153 3.03687635574837 6.06060606060606 4.59770114942529 4.70162748643761 4.63917525773196 5.72390572390572 4.58970792767733 6.18357487922705 8.58544562551104
"ל" 4.25055928411633 4.28380187416332 4.13454800280308 4.21052631578947 4.13694721825963 4.08560311284047 3.03030303030303 5.00521376433785 4.53563714902808 4.42655935613682 4.08401400233372 3.54391371340524 4.07030527289547 2.64026402640264 3.59937402190923 2.97766749379653 4.74308300395257 6.18279569892473 4.39716312056738 2.76717557251908 3.6144578313253 3.54879594423321 4.61538461538461 3.03738317757009 3.45864661654135 3.34538878842676 4.21348314606742 5.12048192771084 3.93184796854522 3.23512420566147 3.18217979315831 3.74449339207048 4.44743935309973 3.1384350816853 2.60137719969396 4.68036529680365 3.39256865912763 4.45765230312036 5.5452865064695 4.17495029821074 4.5679012345679 3.52781546811398 4.42338072669826 3.84180790960452 4.35643564356436 4.12044374009509 2.38095238095238 4.17004048582996 3.93356643356643 4.08163265306122 3.95655546935609 4.18300653594771 3.2329988851728 4.55531453362256 5.45454545454545 3.06513409961686 3.79746835443038 3.240058910162 3.47923681257015 4.45062586926286 2.80193236714976 4.82420278004906
"ה" 2.98284862043251 2.74431057563588 2.73300630693763 2.85714285714286 3.13837375178317 2.43190661478599 4.72370766488414 3.75391032325339 3.23974082073434 2.91750503018109 4.31738623103851 4.77657935285054 3.79278445883441 4.12541254125413 3.67762128325509 4.21836228287841 4.1501976284585 4.03225806451613 2.12765957446809 2.95801526717557 4.64716006884682 3.16856780735108 2.97435897435897 2.10280373831776 5.86466165413534 4.33996383363472 3.79213483146067 7.2289156626506 4.84927916120577 3.58174465626805 4.77326968973747 3.30396475770925 2.83018867924528 3.56835769561479 2.14231063504208 3.19634703196347 3.15024232633279 3.41753343239227 3.3271719038817 4.37375745526839 3.7037037037037 1.35685210312076 3.94944707740916 4.06779661016949 3.36633663366337 2.21870047543582 2.83446712018141 3.11740890688259 3.19055944055944 4.08163265306122 3.0256012412723 3.52941176470588 3.79041248606466 3.03687635574837 4.24242424242424 6.13026819923372 3.79746835443038 2.94550810014728 2.69360269360269 2.50347705146036 3.67149758454106 3.51594439901881
"א" 4.92170022371365 4.08299866131191 3.85423966362999 3.90977443609023 3.85164051355207 3.69649805447471 3.47593582887701 4.0667361835245 4.1036717062635 3.31991951710262 3.26721120186698 2.61941448382126 2.49768732654949 2.80528052805281 2.42566510172144 3.72208436724566 4.1501976284585 3.76344086021505 3.68794326241135 2.19465648854962 1.89328743545611 2.28136882129278 3.02564102564103 3.03738317757009 3.30827067669173 4.33996383363472 2.52808988764045 1.50602409638554 3.01441677588467 3.00404390525708 2.78440731901352 2.97356828193833 3.36927223719677 2.32158211521926 3.59602142310635 4.10958904109589 3.15024232633279 3.41753343239227 4.99075785582255 3.37972166998012 3.33333333333333 2.71370420624152 3.63349131121643 3.95480225988701 2.97029702970297 2.53565768621236 2.26757369614512 3.31983805668016 3.67132867132867 3.57142857142857 2.32738557020946 4.18300653594771 2.95429208472687 2.81995661605206 2.42424242424242 1.53256704980843 3.25497287522604 4.4918998527246 2.58136924803591 2.92072322670376 2.41545893719807 2.45298446443173
"ר" 3.13199105145414 2.27576974564926 2.87316047652418 4.3609022556391 3.85164051355207 2.82101167315175 3.03030303030303 2.91970802919708 1.9438444924406 2.8169014084507 3.03383897316219 1.38674884437596 3.14523589269195 3.13531353135314 1.95618153364632 1.73697270471464 1.58102766798419 3.2258064516129 2.26950354609929 2.5763358778626 1.72117039586919 2.28136882129278 2.87179487179487 3.03738317757009 2.55639097744361 2.89330922242315 2.3876404494382 2.56024096385542 3.27653997378768 2.31080300404391 3.50039777247414 2.69823788546256 2.42587601078167 3.99828030954428 2.37184391736802 2.51141552511416 2.10016155088853 2.67459138187221 1.29390018484288 2.38568588469185 2.59259259259259 3.12075983717775 2.13270142180095 2.59887005649718 2.97029702970297 3.80348652931854 4.08163265306122 2.75303643724696 2.36013986013986 2.29591836734694 3.4910783553142 2.87581699346405 2.39687848383501 3.03687635574837 2.62626262626263 3.83141762452107 2.7124773960217 3.01914580265096 2.35690235690236 2.92072322670376 3.09178743961353 3.27064595257563
"מ" 2.60999254287845 3.14591700133869 2.73300630693763 4.06015037593985 3.56633380884451 2.72373540856031 2.58467023172906 2.81543274244004 1.9438444924406 2.71629778672032 2.10035005834306 3.23574730354391 1.85013876040703 3.46534653465347 2.660406885759 2.48138957816377 2.17391304347826 2.41935483870968 2.5531914893617 3.53053435114504 2.75387263339071 3.54879594423321 2.15384615384615 3.50467289719626 3.15789473684211 2.35081374321881 2.52808988764045 2.25903614457831 2.75229357798165 2.65742345465049 2.70485282418457 2.53303964757709 2.02156334231806 2.19260533104041 3.13695485845448 2.3972602739726 2.26171243941842 2.37741456166419 2.58780036968577 2.98210735586481 2.34567901234568 4.34192672998643 2.8436018957346 2.25988700564972 3.96039603960396 3.64500792393027 2.49433106575964 2.83400809716599 2.66608391608392 2.29591836734694 2.32738557020946 3.00653594771242 2.56410256410256 3.25379609544469 1.81818181818182 2.29885057471264 2.35081374321881 2.72459499263623 4.2648709315376 2.78164116828929 3.47826086956522 2.20768601798855
"ב" 2.46085011185682 3.4136546184739 2.52277505255781 1.20300751879699 2.28245363766049 2.14007782101167 1.96078431372549 2.711157455683 1.9438444924406 2.41448692152917 2.9171528588098 2.77349768875193 2.12765957446809 1.81518151815182 2.73865414710485 2.72952853598015 2.56916996047431 3.2258064516129 2.83687943262411 3.24427480916031 2.40963855421687 3.04182509505703 2.51282051282051 2.80373831775701 3.30827067669173 3.52622061482821 2.3876404494382 4.06626506024096 2.22804718217562 2.88850375505488 2.22752585521082 2.03744493392071 2.69541778975741 2.27858985382631 2.14231063504208 3.19634703196347 3.31179321486268 3.41753343239227 2.2181146025878 3.37972166998012 2.46913580246914 2.30664857530529 2.76461295418641 1.92090395480226 1.58415841584158 1.90174326465927 3.40136054421769 2.87449392712551 2.62237762237762 2.29591836734694 2.40496508921645 2.09150326797386 2.50836120401338 3.03687635574837 3.43434343434343 1.53256704980843 2.16998191681736 1.69366715758468 1.68350168350168 1.9471488178025 3.09178743961353 2.45298446443173
"ת" 2.60999254287845 2.61044176706827 3.99439383321654 2.10526315789474 2.1398002853067 2.91828793774319 2.76292335115865 1.98123044838373 2.80777537796976 1.60965794768612 2.21703617269545 2.77349768875193 1.38760407030527 2.97029702970297 2.26917057902973 2.48138957816377 1.77865612648221 1.0752688172043 3.82978723404255 3.33969465648855 1.72117039586919 4.43599493029151 2.20512820512821 2.10280373831776 0.902255639097744 2.53164556962025 1.96629213483146 1.20481927710843 2.75229357798165 3.06181398035817 2.30708035003978 2.36784140969163 1.34770889487871 2.23559759243336 3.44299923488906 2.05479452054795 3.55411954765751 2.22882615156018 1.84842883548983 1.98807157057654 1.23456790123457 2.8493894165536 1.81674565560821 3.1638418079096 2.97029702970297 2.21870047543582 3.51473922902494 2.59109311740891 2.57867132867133 1.78571428571429 1.55159038013964 1.30718954248366 3.01003344481605 1.51843817787419 2.22222222222222 1.53256704980843 2.16998191681736 2.79823269513991 2.80583613916947 2.64255910987483 2.22222222222222 2.28945216680294
"ש" 1.93885160328113 1.87416331994645 2.24246671338472 1.95488721804511 2.71041369472183 2.23735408560311 2.85204991087344 2.50260688216893 2.15982721382289 2.51509054325956 1.86697782963827 2.31124807395994 2.59019426456984 2.31023102310231 3.28638497652582 1.48883374689826 3.16205533596838 2.41935483870968 2.4113475177305 2.09923664122137 2.58175559380379 2.40811153358682 2 2.57009345794393 3.00751879699248 1.5370705244123 2.6685393258427 1.80722891566265 1.44167758846658 2.02195262853842 2.54574383452665 2.75330396475771 2.15633423180593 2.62252794496991 1.8362662586075 2.3972602739726 2.10016155088853 2.22882615156018 3.14232902033272 2.5844930417495 2.59259259259259 2.57801899592944 2.05371248025276 2.3728813559322 1.78217821782178 2.69413629160063 2.26757369614512 2.63157894736842 2.66608391608392 3.06122448979592 2.32738557020946 2.09150326797386 2.45261984392419 1.95227765726681 4.64646464646465 2.68199233716475 1.98915009041591 2.28276877761414 3.59147025813692 2.64255910987483 2.22222222222222 1.7988552739166
"נ" 1.34228187919463 1.94109772423025 2.24246671338472 1.95488721804511 2.28245363766049 3.30739299610895 3.38680926916221 1.66840458811262 1.51187904967603 1.81086519114688 2.21703617269545 2.92758089368259 1.20259019426457 2.31023102310231 1.87793427230047 3.47394540942928 0.988142292490119 2.41935483870968 2.4113475177305 3.43511450381679 3.95869191049914 2.02788339670469 1.8974358974359 3.50467289719626 1.35338345864662 2.53164556962025 2.24719101123596 0.451807228915663 2.09698558322412 2.77296360485269 1.90930787589499 2.25770925110132 2.2911051212938 1.54772141014617 2.90742157612854 1.71232876712329 2.82714054927302 1.04011887072808 0.924214417744917 3.18091451292247 2.83950617283951 1.49253731343284 1.97472353870458 3.27683615819209 2.97029702970297 1.26782884310618 2.26757369614512 2.34817813765182 2.70979020979021 1.27551020408163 2.09464701318852 2.22222222222222 2.22965440356745 1.95227765726681 1.21212121212121 0.766283524904215 1.44665461121157 2.94550810014728 2.35690235690236 2.3643949930459 2.70531400966184 0.817661488143908
"ע" 2.08799403430276 2.07496653279786 1.89208128941836 1.50375939849624 1.14122681883024 2.23735408560311 2.31729055258467 3.33680917622523 1.72786177105832 2.61569416498994 1.75029171528588 2.4653312788906 2.12765957446809 1.81518151815182 2.8169014084507 2.48138957816377 2.56916996047431 3.2258064516129 1.41843971631206 1.81297709923664 2.75387263339071 2.15462610899873 2 1.86915887850467 1.65413533834586 1.80831826401447 3.93258426966292 1.50602409638554 1.70380078636959 1.90641247833622 2.0684168655529 1.81718061674009 2.15633423180593 3.00945829750645 1.98928844682479 2.05479452054795 1.69628432956381 2.08023774145617 2.40295748613678 1.59045725646123 2.09876543209877 1.22116689280868 1.8957345971564 2.71186440677966 1.78217821782178 1.42630744849445 2.04081632653061 1.37651821862348 1.83566433566434 1.78571428571429 2.48254460822343 3.13725490196078 2.0066889632107 1.95227765726681 1.81818181818182 3.06513409961686 2.16998191681736 1.98821796759941 1.79573512906846 2.92072322670376 1.35265700483092 1.88062142273099
"ד" 2.08799403430276 1.13788487282463 1.26138752627891 1.50375939849624 1.71184022824536 1.84824902723735 1.15864527629234 0.938477580813347 2.15982721382289 1.81086519114688 1.4002333722287 1.2326656394453 1.85013876040703 2.47524752475248 1.72143974960876 1.73697270471464 2.17391304347826 1.88172043010753 1.56028368794326 1.33587786259542 1.72117039586919 1.90114068441065 1.43589743589744 2.10280373831776 1.95488721804511 0.54249547920434 1.54494382022472 1.9578313253012 2.35910878112713 1.96418255343732 1.35242641209228 1.54185022026432 2.96495956873315 1.41874462596733 2.06579954093344 1.48401826484018 1.77705977382876 2.5260029717682 1.84842883548983 1.78926441351889 1.85185185185185 1.89959294436906 1.18483412322275 1.92090395480226 1.78217821782178 1.90174326465927 1.58730158730159 1.53846153846154 1.04895104895105 1.02040816326531 1.55159038013964 2.61437908496732 1.50501672240803 3.25379609544469 1.81818181818182 3.06513409961686 3.07414104882459 1.54639175257732 1.5712682379349 1.66898470097357 2.22222222222222 3.02534750613246
"ם" 1.56599552572707 1.74029451137885 1.33146461107218 1.80451127819549 1.56918687589158 1.84824902723735 1.42602495543672 1.45985401459854 2.59179265658747 1.50905432595573 1.16686114352392 0 1.48011100832562 2.14521452145215 1.79968701095462 0.496277915632754 1.58102766798419 0.537634408602151 1.41843971631206 1.43129770992366 1.03270223752151 1.14068441064639 0.923076923076923 0.467289719626168 1.50375939849624 0.723327305605787 2.80898876404494 1.50602409638554 0.524246395806029 0.751010976314269 1.27287191726333 1.15638766519824 1.75202156334232 1.76268271711092 0.688599846977812 0.91324200913242 0.888529886914378 1.48588410104012 2.40295748613678 1.78926441351889 2.46913580246914 2.98507462686567 1.26382306477093 1.80790960451977 1.78217821782178 2.53565768621236 1.70068027210884 2.59109311740891 1.61713286713287 1.27551020408163 1.24127230411171 2.09150326797386 0.780379041248606 2.16919739696312 2.02020202020202 2.29885057471264 0.904159132007233 1.54639175257732 1.68350168350168 0.834492350486787 2.1256038647343 1.30825838103025
"כ" 1.34228187919463 1.67336010709505 1.541695865452 1.65413533834586 1.14122681883024 1.4591439688716 0.89126559714795 1.45985401459854 2.15982721382289 2.21327967806841 1.5169194865811 1.84899845916795 1.48011100832562 1.98019801980198 1.4866979655712 0.992555831265509 1.38339920948617 0.806451612903226 1.56028368794326 0.763358778625954 1.54905335628227 1.7743979721166 1.79487179487179 0.934579439252336 1.65413533834586 0.81374321880651 0.842696629213483 1.35542168674699 0.917431192660551 1.32871172732525 1.35242641209228 1.04625550660793 0.943396226415094 1.67669819432502 1.91277735271614 1.25570776255708 1.37318255250404 1.04011887072808 1.29390018484288 1.19284294234592 2.09876543209877 2.03527815468114 1.65876777251185 0.451977401129944 0.99009900990099 1.26782884310618 1.36054421768707 1.05263157894737 1.22377622377622 0.76530612244898 3.33591931730023 1.04575163398693 1.56075808249721 0.867678958785249 0.808080808080808 1.53256704980843 1.98915009041591 1.620029455081 0.897867564534231 1.39082058414465 0.869565217391304 2.61651676206051
"ח" 1.41685309470544 1.27175368139224 1.68185003503854 0.601503759398496 1.14122681883024 1.16731517509728 0.53475935828877 1.25130344108446 0.647948164146868 0.704225352112676 1.28354725787631 1.54083204930663 0.925069380203515 0.825082508250825 1.01721439749609 1.24069478908189 1.97628458498024 0.806451612903226 1.98581560283688 1.14503816793893 1.03270223752151 1.01394169835234 1.33333333333333 1.63551401869159 0.451127819548872 1.62748643761302 0.98314606741573 1.05421686746988 1.44167758846658 1.55979202772964 1.03420843277645 2.31277533039648 1.75202156334232 1.16079105760963 1.8362662586075 1.48401826484018 2.66558966074313 1.93164933135215 2.2181146025878 0.397614314115308 2.34567901234568 2.71370420624152 1.26382306477093 1.12994350282486 0.99009900990099 2.06022187004754 1.13378684807256 0.850202429149798 1.22377622377622 2.55102040816327 1.86190845616757 1.30718954248366 1.67224080267559 1.7353579175705 1.01010101010101 1.53256704980843 1.08499095840868 1.620029455081 1.90796857463524 1.25173852573018 1.35265700483092 0.899427636958299
"ך" 1.7151379567487 0.870147255689424 1.89208128941836 0.75187969924812 0.570613409415121 2.04280155642023 1.24777183600713 0.938477580813347 0 1.10663983903421 1.98366394399067 0.770416024653313 0.370027752081406 1.15511551155116 0.860719874804382 0.744416873449132 0 1.0752688172043 1.13475177304965 1.52671755725191 2.06540447504303 2.15462610899873 0.512820512820513 1.4018691588785 0.902255639097744 0.54249547920434 0.98314606741573 0.301204819277108 1.17955439056356 1.09763142692085 0.397772474144789 0.550660792951542 2.02156334231806 0.429922613929493 0.612088752869166 0.342465753424658 1.37318255250404 1.33729569093611 0.184842883548983 0.99403578528827 1.11111111111111 0.542740841248304 0.394944707740916 0.677966101694915 1.18811881188119 0 1.13378684807256 0.809716599190283 0.874125874125874 0.76530612244898 0.155159038013964 1.04575163398693 0.445930880713489 2.16919739696312 1.41414141414141 0 2.7124773960217 1.76730486008837 0.336700336700337 0.556328233657858 0.579710144927536 2.12591986917416
"פ" 0.894854586129754 0.602409638554217 0.630693763139453 0.75187969924812 0.570613409415121 0.875486381322957 1.42602495543672 0.521376433785193 1.51187904967603 0.704225352112676 1.05017502917153 0.924499229583975 1.38760407030527 0.66006600660066 1.01721439749609 0.992555831265509 0.592885375494071 0.806451612903226 0.851063829787234 2.38549618320611 0.172117039586919 0.887198986058302 1.38461538461538 0.700934579439252 0.75187969924812 0.81374321880651 0.561797752808989 0 1.04849279161206 0.98209127671866 0.954653937947494 1.37665198237885 0.943396226415094 0.558899398108341 0.918133129303749 0.684931506849315 1.05008077544426 0 0.924214417744917 0.99403578528827 1.23456790123457 1.35685210312076 0.868878357030016 0.790960451977401 0.792079207920792 1.42630744849445 0.90702947845805 0.850202429149798 1.18006993006993 1.02040816326531 0.698215671062839 0.261437908496732 0.836120401337793 0.216919739696312 0.202020202020202 0.383141762452107 0.54249547920434 0.883652430044183 1.12233445566779 2.08623087621697 1.06280193236715 0.654129190515127
"ק" 0.52199850857569 0.937081659973226 1.12123335669236 1.35338345864662 0.570613409415121 0.972762645914397 0.445632798573975 0.625651720542232 0.647948164146868 0.603621730382294 1.28354725787631 0.462249614791988 1.20259019426457 0.495049504950495 0.469483568075117 0 0.790513833992095 1.34408602150538 0.283687943262411 1.04961832061069 0.860585197934596 0.126742712294043 0.871794871794872 0.233644859813084 1.05263157894737 1.1754068716094 0.561797752808989 1.50602409638554 0.524246395806029 0.519930675909879 0.636435958631663 1.21145374449339 1.21293800539084 1.07480653482373 0.765110941086457 0.570776255707763 0.484652665589661 0.742942050520059 0.55452865064695 0.397614314115308 0.246913580246914 0.67842605156038 0.631911532385466 0.903954802259887 0.594059405940594 0.950871632329635 1.24716553287982 0.850202429149798 0.655594405594406 0.76530612244898 0.853374709076804 0.784313725490196 0.668896321070234 0.650759219088937 0.202020202020202 0.766283524904215 0.723327305605787 0.957290132547865 0.673400673400673 1.11265646731572 0.579710144927536 0.654129190515127
"צ" 0.447427293064877 0.535475234270415 1.05115627189909 0.75187969924812 0.570613409415121 0.291828793774319 1.06951871657754 0.938477580813347 0.647948164146868 0.503018108651911 1.05017502917153 0.61633281972265 1.11008325624422 0.825082508250825 0.782472613458529 0.992555831265509 0.790513833992095 0.268817204301075 0.567375886524823 0.763358778625954 0.688468158347676 0.380228136882129 0.41025641025641 0.934579439252336 0.300751879699248 0.361663652802893 0.140449438202247 0.150602409638554 0.393184796854522 0.98209127671866 0.954653937947494 0.66079295154185 0.808625336927224 0.773860705073087 0.382555470543229 0.570776255707763 0.807754442649435 0.742942050520059 0.55452865064695 0.99403578528827 0.37037037037037 0.814111261872456 0.552922590837283 1.35593220338983 0.792079207920792 0.63391442155309 1.02040816326531 0.850202429149798 0.743006993006993 0.76530612244898 0.698215671062839 0.915032679738562 0.334448160535117 0.433839479392625 0 0.766283524904215 0.180831826401447 0.589101620029455 0.673400673400673 0.417246175243394 1.44927536231884 0.327064595257563
"ן" 0.52199850857569 0.535475234270415 0.840925017519271 0.300751879699248 0.427960057061341 0.291828793774319 0.623885918003565 0 0.863930885529158 1.00603621730382 0.58343057176196 0.462249614791988 1.01757631822387 0.33003300330033 0.704225352112676 0.992555831265509 1.38339920948617 0.537634408602151 0.425531914893617 0.190839694656489 0.344234079173838 0.253485424588086 0.205128205128205 0.700934579439252 0 0.0904159132007233 0.561797752808989 0.753012048192771 0.524246395806029 0.173310225303293 0.0795544948289578 0.330396475770925 0.943396226415094 0.60189165950129 0.53557765876052 0.342465753424658 0.888529886914378 0.297176820208024 1.29390018484288 0 0.37037037037037 0.814111261872456 0.789889415481833 0.451977401129944 0.396039603960396 0.316957210776545 1.36054421768707 1.01214574898785 0.393356643356643 0.255102040816327 0.232738557020946 0.392156862745098 0.72463768115942 0.867678958785249 0.404040404040404 2.29885057471264 0 0.294550810014728 0.448933782267116 0.556328233657858 0.869565217391304 0.408830744071954
"ס" 0.52199850857569 0.401606425702811 0.210231254379818 0.75187969924812 0.998573466476462 0.680933852140078 0.623885918003565 0.72992700729927 0.647948164146868 0.804828973843058 0.350058343057176 0.770416024653313 0.462534690101758 0.33003300330033 0.469483568075117 0.496277915632754 0.395256916996047 0.537634408602151 0.851063829787234 0.763358778625954 0.688468158347676 0.253485424588086 0.41025641025641 0.700934579439252 0.451127819548872 0.632911392405063 0.140449438202247 0 0.393184796854522 0.866551126516464 0.477326968973747 0.275330396475771 0.673854447439353 0.214961306964746 0.306044376434583 0.228310502283105 0.484652665589661 0.891530460624071 0.369685767097967 0.596421471172962 0.740740740740741 0.814111261872456 0.868878357030016 0.790960451977401 1.18811881188119 0.792393026941363 0 0.607287449392713 0.34965034965035 0.255102040816327 0.465477114041893 0.522875816993464 0.278706800445931 0 0.404040404040404 0 0.361663652802893 0.515463917525773 1.12233445566779 0.417246175243394 0.289855072463768 0.408830744071954
"ג" 0.223713646532438 0.468540829986613 0.210231254379818 0.601503759398496 0.855920114122682 0.680933852140078 0.89126559714795 0.208550573514077 0.215982721382289 0.603621730382294 0.58343057176196 0.462249614791988 0.462534690101758 0.66006600660066 0.938967136150235 0.992555831265509 0.395256916996047 0.537634408602151 0.425531914893617 0.286259541984733 0.516351118760757 0.506970849176172 0.717948717948718 0.934579439252336 0.300751879699248 0 0.280898876404494 0.150602409638554 0.262123197903014 0.577700751010976 0.318217979315831 0.605726872246696 0.404312668463612 0.257953568357696 0.918133129303749 0.228310502283105 0.323101777059774 0.891530460624071 0.55452865064695 0.596421471172962 0.246913580246914 0 0.947867298578199 0.225988700564972 0.594059405940594 0.316957210776545 1.36054421768707 0.445344129554656 0.393356643356643 0.510204081632653 0.465477114041893 0.261437908496732 0.222965440356745 0.650759219088937 0.202020202020202 0.383141762452107 0.904159132007233 0.294550810014728 0.448933782267116 0 0.386473429951691 0.735895339329518
"ז" 0.671140939597315 0.401606425702811 0.490539593552908 0.75187969924812 0.285306704707561 0.389105058365759 0.623885918003565 0.312825860271116 0.215982721382289 0.503018108651911 0.350058343057176 0.308166409861325 0.277520814061055 0.495049504950495 0.625978090766823 0.248138957816377 0 0.537634408602151 0.141843971631206 0.572519083969466 0.688468158347676 0.887198986058302 0.564102564102564 0.233644859813084 0.902255639097744 0.904159132007233 0.702247191011236 0.753012048192771 0.917431192660551 0.577700751010976 0.238663484486873 0.220264317180617 0 0.60189165950129 0.459066564651875 0.228310502283105 0.807754442649435 0.445765230312036 0.184842883548983 0.99403578528827 0.246913580246914 0.67842605156038 0.394944707740916 0.564971751412429 0.396039603960396 0.316957210776545 0.226757369614512 0.566801619433198 0.262237762237762 0.76530612244898 0.232738557020946 0.915032679738562 0.557413600891862 0.433839479392625 0 0.766283524904215 0.361663652802893 0.294550810014728 0.448933782267116 0.417246175243394 0.483091787439614 0.327064595257563
"ט" 0.149142431021626 0.401606425702811 0.140154169586545 0.300751879699248 0.427960057061341 0.194552529182879 0.267379679144385 0.312825860271116 1.29589632829374 0.301810865191147 0.116686114352392 0.154083204930663 0.462534690101758 0.33003300330033 0.704225352112676 0.744416873449132 0.395256916996047 0.268817204301075 0.425531914893617 0.66793893129771 0 0.633713561470216 0.615384615384615 0.467289719626168 0 0.361663652802893 0.140449438202247 0 0.131061598951507 0.404390525707683 0.556881463802705 0.275330396475771 0.404312668463612 0.644883920894239 0.459066564651875 0.342465753424658 1.05008077544426 0.742942050520059 0.369685767097967 0.198807157057654 0.123456790123457 0.814111261872456 0.157977883096367 0.225988700564972 0.198019801980198 0.158478605388273 0.566893424036281 0.0809716599190283 0.437062937062937 0.255102040816327 0.387897595034911 0 0.780379041248606 0.433839479392625 0.808080808080808 1.14942528735632 0 0.294550810014728 0.448933782267116 0.556328233657858 0.386473429951691 0.163532297628782
"ץ" 0.223713646532438 0.334672021419009 0.560616678346181 0.300751879699248 0.427960057061341 0.0972762645914397 0.089126559714795 0.208550573514077 0.431965442764579 0.100603621730382 0.116686114352392 0 0.0925069380203515 0.33003300330033 0 0 0 0 0.141843971631206 0.286259541984733 0 0.126742712294043 0.205128205128205 0 0.150375939849624 0.180831826401447 0 0 0 0.115540150202195 0.159108989657916 0.165198237885463 0 0.343938091143594 0 0.342465753424658 0.161550888529887 0.148588410104012 0 0 0.246913580246914 0.542740841248304 0.0789889415481833 0.112994350282486 0.198019801980198 0.158478605388273 0.226757369614512 0.242914979757085 0.0874125874125874 0 0.232738557020946 0.130718954248366 0.111482720178372 0.650759219088937 0 0 0.180831826401447 0.0736377025036819 0.112233445566779 0.139082058414465 0.0966183574879227 0
"ף" 0.298284862043251 0.133868808567604 0.350385423966363 0.150375939849624 0.285306704707561 0.291828793774319 0.17825311942959 0.312825860271116 0.215982721382289 0.100603621730382 0 0 0.185013876040703 0 0 0 0.197628458498024 0 0.425531914893617 0.190839694656489 0 0 0.0512820512820513 0 0 0.0904159132007233 0 0.150602409638554 0 0 0 0 0 0.0859845227858985 0 0.114155251141553 0 0 0.184842883548983 0 0.246913580246914 0.135685210312076 0 0.112994350282486 0.396039603960396 0 0.113378684807256 0.323886639676113 0 0 0 0.130718954248366 0.0557413600891862 0 0 0 0.361663652802893 0 0 0 0 0.0817661488143908
"t" 0 0 0 0 0 0.0972762645914397 0 0 0 0 0 0.154083204930663 0 0.165016501650165 0.0782472613458529 0.248138957816377 0 0 0 0 0 0 0 0 0 0 0 0 0 0.115540150202195 0 0.0550660792951542 0 0 0.0765110941086457 0 0 0 0.184842883548983 0 0 0 0 0 0 0 0 0 0.0437062937062937 0 0 0 0 0 0 0 0 0 0 0 0 0
"c" 0 0 0 0.150375939849624 0 0.0972762645914397 0 0 0 0 0 0 0 0 0 0 0.197628458498024 0 0 0 0 0 0 0 0 0 0.140449438202247 0 0 0 0 0 0 0.0429922613929493 0 0 0 0 0 0 0 0 0 0 0 0 0 0 0 0 0 0 0 0 0 0 0 0 0 0 0 0
"d" 0 0 0.0700770847932726 0 0 0 0 0 0 0 0 0 0 0 0 0 0 0 0 0 0 0 0 0 0 0 0 0 0 0 0 0 0 0 0 0 0 0 0 0 0 0 0 0 0.198019801980198 0 0 0 0.0437062937062937 0 0.0775795190069822 0 0 0 0 0 0.180831826401447 0 0 0 0 0
"m" 0 0 0 0 0 0 0 0 0 0 0 0 0 0.165016501650165 0 0 0 0 0 0 0 0 0 0 0 0 0 0 0 0 0 0 0 0 0 0 0 0 0 0 0 0 0 0 0 0 0 0 0 0 0 0 0 0 0 0 0 0 0 0 0 0
