"Anonymous_001" "Anonymous_002" "Anonymous_010" "Anonymous_043" "Anonymous_066" "Anonymous_067" "Anonymous_071" "Anonymous_091" "Anonymous_092" "Anonymous_093" "Anonymous_094" "Anonymous_095" "Anonymous_096" "Anonymous_097" "Anonymous_098" "Anonymous_099" "Anonymous_100" "Anonymous_102" "Anonymous_104" "Anonymous_105" "Anonymous_106" "Anonymous_107" "Anonymous_111" "Anonymous_112" "Anonymous_113" "Anonymous_114" "Anonymous_115" "Anonymous_116" "Anonymous_117" "Anonymous_118" "Anonymous_119" "Anonymous_120" "Anonymous_121" "Anonymous_123" "Anonymous_125" "Anonymous_126" "Anonymous_128" "Anonymous_129" "Anonymous_130" "Anonymous_132" "Anonymous_134" "Anonymous_135" "Anonymous_136" "Anonymous_137" "Anonymous_146" "Anonymous_147" "Anonymous_148" "Anonymous_149" "Anonymous_150" "Asaph_050" "Asaph_073" "Asaph_074" "Asaph_075" "Asaph_076" "Asaph_077" "Asaph_078" "Asaph_079" "Asaph_080" "Asaph_081" "Asaph_082" "Asaph_083" "David_003" "David_004" "David_005" "David_006" "David_007" "David_008" "David_009" "David_011" "David_012" "David_013" "David_014" "David_015" "David_016" "David_017" "David_018" "David_019" "David_020" "David_021" "David_022" "David_023" "David_024" "David_025" "David_026" "David_027" "David_028" "David_029" "David_030" "David_031" "David_032" "David_033" "David_034" "David_035" "David_036" "David_037" "David_038" "David_039" "David_040" "David_041" "David_051" "David_052" "David_053" "David_054" "David_055" "David_056" "David_057" "David_058" "David_059" "David_060" "David_061" "David_062" "David_063" "David_064" "David_065" "David_068" "David_069" "David_070" "David_086" "David_101" "David_103" "David_108" "David_109" "David_110" "David_122" "David_124" "David_131" "David_133" "David_138" "David_139" "David_140" "David_141" "David_142" "David_143" "David_144" "David_145"
" " 47.4576271186441 47.6858345021038 47.5355054302423 47.6293103448276 47.0389170896785 46.5909090909091 47.9435236341314 48.0656506447831 47.3922902494331 47.7744807121662 47.7768795472918 47.5975975975976 46.9806763285024 47.2826086956522 46.9387755102041 47.1317829457364 46.0567823343849 48.2352941176471 47.8547854785479 47.6423487544484 47.6536922517279 47.5367329299914 47.212543554007 47.7157360406091 46.7889908256881 47.9616306954436 47.3360655737705 48.0885311871227 46.0869565217391 46.8506723283793 48.1351741191016 48.4679665738162 47.9487179487179 45.9016393442623 46.5 45.959595959596 47.3087818696884 46.6824644549763 47.8060046189376 47.3259334006055 47.027027027027 47.5263584752636 47.5675675675676 46.7226890756302 47.2527472527473 47.3826714801444 47.5550122249389 47.1264367816092 46.6666666666667 47.5764354958986 47.5903614457831 47.9327259985985 47.5187969924812 47.9315263908702 47.3257698541329 47.7504638218924 46.9844357976654 47.3262032085562 47.6538060479666 47.5161987041037 47.5855130784708 47.4480151228733 48.1418918918919 47.3745624270712 48.2280431432974 47.8260869565217 47.6897689768977 47.4178403755869 47.2061657032755 47.1947194719472 47.6426799007444 47.2332015810277 48.6559139784946 47.5177304964539 46.5648854961832 48.1303930968361 47.6923076923077 47.3321858864028 47.2750316856781 48.1025641025641 48.8317757009346 47.9699248120301 47.2984206151288 47.7037037037037 48.1012658227848 48.0337078651685 47.1385542168675 47.5753604193971 47.949162333911 47.2256473489519 47.3909324208725 46.8575974542562 48.1828193832599 47.9784366576819 47.5924333619948 48.2785003825555 48.4037075180227 48.318462594372 48.0593607305936 48.0613893376414 48.2912332838039 47.6894639556377 47.117296222664 47.9442970822281 47.5815523059618 48.2716049382716 47.2184531886024 47.3143759873618 47.5706214689266 48.1188118811881 48.1220657276995 48.5915492957746 47.2266244057052 47.5056689342404 47.3279352226721 47.9458041958042 47.7040816326531 48.5462555066079 47.5247524752475 47.633824670287 47.5816993464052 48.2720178372352 47.7223427331887 47.4747474747475 46.6970387243736 48.3739837398374 48.2758620689655 48.2820976491863 47.9381443298969 46.9135802469136 47.9833101529903 47.8108581436077 48.2006543075245 46.5700483091787 46.6067048242028
"י" 6.99152542372881 7.01262272089762 5.34670008354219 7.75862068965517 5.58375634517767 7.95454545454545 7.42786985880909 6.68229777256741 7.93650793650794 5.34124629080119 8.64995957962813 5.55555555555556 6.52173913043478 6.52173913043478 6.63265306122449 5.42635658914729 3.78548895899054 7.12074303405573 6.83639792550684 5.4270462633452 5.96580574754456 6.82800345721694 5.4006968641115 6.09137055837563 8.02752293577982 7.67386091127098 7.06967213114754 8.04828973843058 6.08695652173913 8.49256900212314 7.58293838862559 7.52089136490251 7.69230769230769 8.52459016393443 8 6.81818181818182 9.63172804532578 6.63507109004739 7.62124711316397 6.65993945509586 7.56756756756757 7.05596107055961 5.01930501930502 6.38655462184874 6.90737833594976 6.76895306859206 5.25672371638142 6.89655172413793 2.53968253968254 7.08426547352722 6.89424364123159 5.25578135949544 6.76691729323308 5.84878744650499 6.72609400324149 5.98330241187384 5.05836575875486 5.61497326203209 6.15224191866528 6.0475161987041 6.03621730382294 8.69565217391304 6.08108108108108 6.76779463243874 8.32049306625578 7.95559666975023 6.10561056105611 6.57276995305164 7.51445086705202 5.94059405940594 9.92555831265509 7.5098814229249 4.03225806451613 8.08510638297872 8.11068702290076 8.53307766059444 6.97435897435897 6.36833046471601 5.5766793409379 7.74358974358974 8.41121495327103 5.56390977443609 9.14380714879468 7.40740740740741 8.49909584086799 6.60112359550562 6.62650602409639 8.25688073394495 8.08781051415367 8.01479654747226 6.15911035072712 7.15990453460621 7.54405286343612 6.60377358490566 6.31986242476354 8.26319816373374 7.31204943357364 7.34385724090597 8.33333333333333 6.21970920840065 5.49777117384844 6.6543438077634 8.15109343936382 7.69230769230769 7.7615298087739 5.80246913580247 5.56309362279512 7.97788309636651 5.64971751412429 7.52475247524752 6.45539906103286 7.74647887323944 6.65610142630745 6.00907029478458 6.88259109311741 7.99825174825175 8.6734693877551 6.87224669603524 7.59075907590759 6.82699767261443 6.1437908496732 7.30211817168339 7.59219088937093 7.27272727272727 5.69476082004556 6.91056910569106 5.74712643678161 7.59493670886076 6.99558173784978 7.85634118967452 7.92767732962448 9.10683012259194 8.50599781897492 7.43961352657005 5.56009811937858
"ו" 5.50847457627119 6.73211781206171 5.76441102756892 5.38793103448276 6.42978003384095 6.36363636363636 4.97237569060773 4.92379835873388 5.55555555555556 6.23145400593472 5.25464834276475 7.80780780780781 8.21256038647343 6.38586956521739 8.50340136054422 8.83720930232558 11.6719242902208 5.69659442724458 5.42197076850542 6.76156583629893 7.63914150600218 8.25410544511668 7.49128919860627 6.93739424703892 5.5045871559633 4.07673860911271 5.63524590163934 5.53319919517103 9.56521739130435 6.2278839348903 3.66783432928086 3.89972144846797 4.61538461538461 4.59016393442623 6.25 7.07070707070707 3.68271954674221 6.39810426540284 5.54272517321016 5.3481331987891 7.02702702702703 6.40713706407137 7.56756756756757 5.71428571428571 6.27943485086342 5.5956678700361 8.06845965770171 7.08812260536398 10.7936507936508 4.39970171513796 5.62248995983936 4.20462508759636 5.11278195488722 5.56348074179743 4.86223662884927 7.74582560296846 6.03112840466926 5.4367201426025 5.21376433785193 6.26349892008639 6.63983903420523 5.10396975425331 6.08108108108108 5.25087514585764 4.9306625577812 6.66049953746531 5.44554455445545 6.02503912363067 6.74373795761079 6.27062706270627 3.72208436724566 5.13833992094862 5.37634408602151 4.25531914893617 4.00763358778626 6.35985937999361 5.74358974358974 6.88468158347676 6.21039290240811 6.46153846153846 3.73831775700935 7.5187969924812 6.48379052369077 4.74074074074074 5.33453887884268 6.32022471910112 8.8855421686747 5.5045871559633 4.50606585788562 5.30209617755857 6.67236954662104 8.19411296738266 6.00220264317181 4.85175202156334 7.52364574376612 5.3557765876052 3.60453141091658 5.55936856554564 6.16438356164384 4.03877221324717 5.64635958395245 4.25138632162662 3.77733598409543 5.90185676392573 3.71203599550056 4.19753086419753 4.88466757123474 6.16113744075829 5.08474576271186 3.16831683168317 5.75117370892019 3.94366197183099 7.44849445324881 4.98866213151927 5.10121457489879 5.24475524475525 6.12244897959184 5.19823788546256 2.80528052805281 7.05973622963538 5.22875816993464 6.74470457079153 3.03687635574837 6.06060606060606 7.06150341685649 6.50406504065041 4.59770114942529 4.70162748643761 4.63917525773196 5.72390572390572 4.58970792767733 4.2031523642732 3.38058887677208 6.18357487922705 8.58544562551104
"ל" 3.8135593220339 3.2258064516129 4.01002506265664 5.17241379310345 4.82233502538071 3.86363636363636 3.86740331491713 3.75146541617819 3.85487528344671 2.9673590504451 3.55699272433306 3.3033033033033 4.34782608695652 4.7554347826087 3.57142857142857 3.41085271317829 3.47003154574133 3.40557275541796 3.77180575200377 4.09252669039146 3.81957075300109 3.06828003457217 5.4006968641115 3.04568527918782 4.58715596330275 3.83693045563549 4.30327868852459 3.420523138833 7.82608695652174 3.2554847841472 3.19390067999176 4.45682451253482 4.35897435897436 2.95081967213115 6.25 3.03030303030303 3.96600566572238 3.3175355450237 3.69515011547344 3.32996972754793 2.16216216216216 4.13625304136253 7.72200772200772 4.87394957983193 4.3956043956044 4.33212996389892 6.23471882640587 4.98084291187739 11.1111111111111 4.25055928411633 4.28380187416332 4.13454800280308 4.21052631578947 4.13694721825963 4.53808752025932 3.98886827458256 4.08560311284047 3.03030303030303 5.00521376433785 4.53563714902808 4.42655935613682 3.40264650283554 3.5472972972973 4.08401400233372 3.54391371340524 4.07030527289547 2.64026402640264 3.59937402190923 2.3121387283237 3.63036303630363 2.97766749379653 4.74308300395257 6.18279569892473 4.39716312056738 2.76717557251908 3.54745925215724 2.66666666666667 3.6144578313253 3.54879594423321 4.61538461538461 3.03738317757009 3.45864661654135 3.24189526184539 3.25925925925926 3.34538878842676 4.21348314606742 5.12048192771084 3.93184796854522 3.23512420566147 4.80887792848335 3.9349871685201 3.18217979315831 3.74449339207048 4.44743935309973 3.1384350816853 2.60137719969396 4.11946446961895 3.63761153054221 4.68036529680365 3.39256865912763 4.45765230312036 5.5452865064695 4.17495029821074 4.31034482758621 5.51181102362205 4.5679012345679 3.52781546811398 4.42338072669826 3.84180790960452 4.35643564356436 4.81220657276995 2.95774647887324 4.12044374009509 2.38095238095238 4.17004048582996 3.93356643356643 4.08163265306122 3.61233480176211 4.62046204620462 3.95655546935609 4.18300653594771 3.2329988851728 4.55531453362256 5.45454545454545 4.1002277904328 7.31707317073171 3.06513409961686 3.79746835443038 3.240058910162 3.47923681257015 4.45062586926286 3.85288966725044 3.05343511450382 2.80193236714976 4.82420278004906
"ה" 2.96610169491525 2.945301542777 2.92397660818713 4.74137931034483 3.13028764805415 2.27272727272727 3.25352977286679 3.28253223915592 3.74149659863946 4.74777448071217 4.04203718674212 3.9039039039039 5.19323671497585 4.89130434782609 4.93197278911565 6.04651162790698 6.30914826498423 3.40557275541796 4.00754361150401 2.5355871886121 3.56493270280102 3.02506482281763 3.83275261324042 2.7072758037225 6.88073394495413 4.31654676258993 6.25 5.33199195171026 7.82608695652174 6.51096956829441 2.41087986812281 5.2924791086351 4.87179487179487 5.57377049180328 5.75 5.80808080808081 3.96600566572238 2.3696682464455 5.08083140877598 3.73360242179617 8.10810810810811 5.92051905920519 2.54826254826255 2.35294117647059 5.96546310832025 4.06137184115523 5.74572127139364 3.63984674329502 8.88888888888889 2.98284862043251 2.74431057563588 2.73300630693763 2.85714285714286 3.13837375178317 3.322528363047 2.82931354359926 2.43190661478599 4.72370766488414 3.75391032325339 3.23974082073434 2.91750503018109 5.2930056710775 4.05405405405405 4.31738623103851 4.77657935285054 3.79278445883441 4.12541254125413 3.67762128325509 4.04624277456647 3.13531353135314 4.21836228287841 4.1501976284585 4.03225806451613 2.12765957446809 2.95801526717557 2.55672738894215 4 4.64716006884682 3.16856780735108 2.97435897435897 2.10280373831776 5.86466165413534 3.82377389858687 3.85185185185185 4.33996383363472 3.79213483146067 7.2289156626506 4.84927916120577 3.58174465626805 3.0826140567201 5.8169375534645 4.77326968973747 3.30396475770925 2.83018867924528 3.56835769561479 2.14231063504208 3.60453141091658 3.63761153054221 3.19634703196347 3.15024232633279 3.41753343239227 3.3271719038817 4.37375745526839 3.31564986737401 3.82452193475816 3.7037037037037 1.35685210312076 3.94944707740916 4.06779661016949 3.36633663366337 3.05164319248826 3.52112676056338 2.21870047543582 2.83446712018141 3.11740890688259 3.19055944055944 4.08163265306122 3.78854625550661 2.64026402640264 3.0256012412723 3.52941176470588 3.79041248606466 3.03687635574837 4.24242424242424 4.78359908883827 3.2520325203252 6.13026819923372 3.79746835443038 2.94550810014728 2.69360269360269 2.50347705146036 3.85288966725044 2.72628135223555 3.67149758454106 3.51594439901881
"א" 3.60169491525424 3.64656381486676 3.25814536340852 5.17241379310345 3.80710659898477 3.86363636363636 3.25352977286679 3.86869871043376 2.15419501133787 4.45103857566766 2.74858528698464 3.75375375375375 2.65700483091787 2.58152173913043 2.2108843537415 3.41085271317829 3.47003154574133 2.97213622291022 2.26308345120226 3.46975088967972 2.43724990905784 2.24719101123596 1.56794425087108 3.21489001692047 1.8348623853211 3.35731414868106 3.99590163934426 4.22535211267606 2.60869565217391 3.96319886765747 3.07026581495982 1.94986072423398 3.84615384615385 3.27868852459016 1.5 3.28282828282828 2.54957507082153 3.08056872037915 2.77136258660508 3.83451059535822 2.16216216216216 2.75750202757502 1.31274131274131 4.03361344537815 3.76766091051805 2.25631768953069 2.44498777506112 1.14942528735632 0.317460317460317 4.92170022371365 4.08299866131191 3.85423966362999 3.90977443609023 3.85164051355207 4.13290113452188 3.40909090909091 3.69649805447471 3.47593582887701 4.0667361835245 4.1036717062635 3.31991951710262 3.40264650283554 2.7027027027027 3.26721120186698 2.61941448382126 2.49768732654949 2.80528052805281 2.42566510172144 1.73410404624277 3.13531353135314 3.72208436724566 4.1501976284585 3.76344086021505 3.68794326241135 2.19465648854962 2.71652285075104 2.35897435897436 1.89328743545611 2.28136882129278 3.02564102564103 3.03738317757009 3.30827067669173 3.57439733998338 3.85185185185185 4.33996383363472 2.52808988764045 1.50602409638554 3.01441677588467 3.00404390525708 3.45252774352651 2.48075278015398 2.78440731901352 2.97356828193833 3.36927223719677 2.32158211521926 3.59602142310635 3.81050463439753 3.98078242964997 4.10958904109589 3.15024232633279 3.41753343239227 4.99075785582255 3.37972166998012 3.84615384615385 4.94938132733408 3.33333333333333 2.71370420624152 3.63349131121643 3.95480225988701 2.97029702970297 3.87323943661972 2.67605633802817 2.53565768621236 2.26757369614512 3.31983805668016 3.67132867132867 3.57142857142857 4.75770925110132 4.12541254125413 2.32738557020946 4.18300653594771 2.95429208472687 2.81995661605206 2.42424242424242 2.50569476082005 3.65853658536585 1.53256704980843 3.25497287522604 4.4918998527246 2.58136924803591 2.92072322670376 3.85288966725044 2.83533260632497 2.41545893719807 2.45298446443173
"ר" 3.38983050847458 3.08555399719495 3.67585630743525 1.50862068965517 3.63790186125212 3.18181818181818 2.39410681399632 2.81359906213365 2.94784580498866 2.9673590504451 2.82942603071948 3.45345345345345 2.65700483091787 2.58152173913043 4.25170068027211 2.32558139534884 3.15457413249211 2.29102167182663 2.82885431400283 3.82562277580071 2.61913423062932 2.85220397579948 2.4390243902439 4.73773265651438 1.8348623853211 3.35731414868106 2.76639344262295 1.81086519114688 0.869565217391304 2.05237084217976 3.04966000412116 3.34261838440111 3.84615384615385 1.31147540983607 2 2.02020202020202 4.24929178470255 5.45023696682464 2.77136258660508 2.52270433905146 2.7027027027027 2.91970802919708 1.85328185328185 3.69747899159664 2.82574568288854 4.06137184115523 3.30073349633252 2.68199233716475 1.9047619047619 3.13199105145414 2.27576974564926 2.87316047652418 4.3609022556391 3.85164051355207 2.83630470016207 3.06122448979592 2.82101167315175 3.03030303030303 2.91970802919708 1.9438444924406 2.8169014084507 3.21361058601134 2.36486486486486 3.03383897316219 1.38674884437596 3.14523589269195 3.13531353135314 1.95618153364632 2.89017341040462 3.46534653465347 1.73697270471464 1.58102766798419 3.2258064516129 2.26950354609929 2.5763358778626 2.68456375838926 2.66666666666667 1.72117039586919 2.28136882129278 2.87179487179487 3.03738317757009 2.55639097744361 3.24189526184539 1.48148148148148 2.89330922242315 2.3876404494382 2.56024096385542 3.27653997378768 2.31080300404391 2.71270036991369 3.07955517536356 3.50039777247414 2.69823788546256 2.42587601078167 3.99828030954428 2.37184391736802 1.85375901132853 2.8140013726836 2.51141552511416 2.10016155088853 2.67459138187221 1.29390018484288 2.38568588469185 2.78514588859416 2.81214848143982 2.59259259259259 3.12075983717775 2.13270142180095 2.59887005649718 2.97029702970297 1.40845070422535 2.67605633802817 3.80348652931854 4.08163265306122 2.75303643724696 2.36013986013986 2.29591836734694 1.40969162995595 3.7953795379538 3.4910783553142 2.87581699346405 2.39687848383501 3.03687635574837 2.62626262626263 2.73348519362187 1.21951219512195 3.83141762452107 2.7124773960217 3.01914580265096 2.35690235690236 2.92072322670376 2.27670753064799 2.29007633587786 3.09178743961353 3.27064595257563
"ב" 2.54237288135593 2.66479663394109 3.34168755221387 1.72413793103448 2.96108291032149 1.81818181818182 1.90300798035605 3.04806565064478 3.51473922902494 2.37388724035608 1.94017784963622 3.15315315315315 2.77777777777778 2.03804347826087 1.87074829931973 1.55038759689922 2.8391167192429 2.84829721362229 2.64026402640264 3.69217081850534 3.34667151691524 2.59291270527226 1.39372822299652 3.21489001692047 3.44036697247706 2.39808153477218 2.56147540983607 2.11267605633803 1.73913043478261 3.04317055909413 2.78178446321863 1.1142061281337 0.769230769230769 3.27868852459016 3.25 3.78787878787879 3.96600566572238 2.3696682464455 1.38568129330254 3.53178607467205 3.78378378378378 2.83860502838605 1.54440154440154 2.52100840336134 2.51177394034537 3.15884476534296 1.9559902200489 4.40613026819923 4.12698412698413 2.46085011185682 3.4136546184739 2.52277505255781 1.20300751879699 2.28245363766049 2.0259319286872 3.45547309833024 2.14007782101167 1.96078431372549 2.711157455683 1.9438444924406 2.41448692152917 3.40264650283554 4.56081081081081 2.9171528588098 2.77349768875193 2.12765957446809 1.81518151815182 2.73865414710485 1.92678227360308 2.47524752475248 2.72952853598015 2.56916996047431 3.2258064516129 2.83687943262411 3.24427480916031 2.01342281879195 2.56410256410256 2.40963855421687 3.04182509505703 2.51282051282051 2.80373831775701 3.30827067669173 2.16126350789692 3.25925925925926 3.52622061482821 2.3876404494382 4.06626506024096 2.22804718217562 2.88850375505488 2.95930949445129 3.33618477331052 2.22752585521082 2.03744493392071 2.69541778975741 2.27858985382631 2.14231063504208 2.3686920700309 2.33356211393274 3.19634703196347 3.31179321486268 3.41753343239227 2.2181146025878 3.37972166998012 3.05039787798408 2.92463442069741 2.46913580246914 2.30664857530529 2.76461295418641 1.92090395480226 1.58415841584158 3.28638497652582 3.94366197183099 1.90174326465927 3.40136054421769 2.87449392712551 2.62237762237762 2.29591836734694 2.29074889867841 4.62046204620462 2.40496508921645 2.09150326797386 2.50836120401338 3.03687635574837 3.43434343434343 2.0501138952164 1.6260162601626 1.53256704980843 2.16998191681736 1.69366715758468 1.68350168350168 1.9471488178025 1.75131348511384 2.72628135223555 3.09178743961353 2.45298446443173
"מ" 1.48305084745763 2.66479663394109 2.5062656641604 3.23275862068966 2.7072758037225 2.72727272727273 2.39410681399632 2.81359906213365 2.26757369614512 3.26409495548961 2.82942603071948 1.65165165165165 2.77777777777778 2.58152173913043 2.04081632653061 2.7906976744186 2.20820189274448 2.29102167182663 2.59311645450259 2.49110320284698 2.61913423062932 3.37078651685393 2.4390243902439 1.86125211505922 4.35779816513761 2.87769784172662 1.84426229508197 2.61569416498994 1.73913043478261 1.98159943382873 2.45209148980012 3.34261838440111 4.1025641025641 0.655737704918033 1.5 2.27272727272727 0.84985835694051 2.60663507109005 3.46420323325635 2.11907164480323 2.16216216216216 2.4330900243309 1.62162162162162 1.34453781512605 1.56985871271586 2.6173285198556 2.56723716381418 2.4904214559387 1.26984126984127 2.60999254287845 3.14591700133869 2.73300630693763 4.06015037593985 3.56633380884451 2.43111831442464 2.22634508348794 2.72373540856031 2.58467023172906 2.81543274244004 1.9438444924406 2.71629778672032 2.45746691871456 2.36486486486486 2.10035005834306 3.23574730354391 1.85013876040703 3.46534653465347 2.660406885759 1.73410404624277 2.97029702970297 2.48138957816377 2.17391304347826 2.41935483870968 2.5531914893617 3.53053435114504 3.29178651326302 4.41025641025641 2.75387263339071 3.54879594423321 2.15384615384615 3.50467289719626 3.15789473684211 1.74563591022444 2.81481481481481 2.35081374321881 2.52808988764045 2.25903614457831 2.75229357798165 2.65742345465049 1.35635018495684 2.56629597946963 2.70485282418457 2.53303964757709 2.02156334231806 2.19260533104041 3.13695485845448 3.19258496395469 2.33356211393274 2.3972602739726 2.26171243941842 2.37741456166419 2.58780036968577 2.98210735586481 3.31564986737401 1.79977502812148 2.34567901234568 4.34192672998643 2.8436018957346 2.25988700564972 3.96039603960396 2.46478873239437 2.25352112676056 3.64500792393027 2.49433106575964 2.83400809716599 2.66608391608392 2.29591836734694 1.3215859030837 2.80528052805281 2.32738557020946 3.00653594771242 2.56410256410256 3.25379609544469 1.81818181818182 1.82232346241458 4.0650406504065 2.29885057471264 2.35081374321881 2.72459499263623 4.2648709315376 2.78164116828929 3.32749562171629 2.50817884405671 3.47826086956522 2.20768601798855
"ת" 2.33050847457627 2.24403927068724 3.09106098579783 2.37068965517241 2.62267343485618 1.81818181818182 4.41988950276243 2.57913247362251 2.26757369614512 3.56083086053412 2.18270008084074 1.95195195195195 1.69082125603865 1.90217391304348 1.87074829931973 2.01550387596899 2.20820189274448 3.34365325077399 2.31023102310231 2.26868327402135 2.8373954165151 2.11754537597234 2.9616724738676 2.03045685279188 1.60550458715596 2.15827338129496 1.12704918032787 2.51509054325956 1.73913043478261 1.48619957537155 3.68844014011951 2.50696378830084 1.28205128205128 1.63934426229508 1.5 2.27272727272727 1.98300283286119 2.3696682464455 3.23325635103926 2.32088799192735 2.7027027027027 1.86536901865369 0.849420849420849 2.85714285714286 2.35478806907378 1.35379061371841 1.46699266503667 2.10727969348659 1.58730158730159 2.60999254287845 2.61044176706827 3.99439383321654 2.10526315789474 2.1398002853067 2.51215559157212 2.11038961038961 2.91828793774319 2.76292335115865 1.98123044838373 2.80777537796976 1.60965794768612 1.89035916824197 2.19594594594595 2.21703617269545 2.77349768875193 1.38760407030527 2.97029702970297 2.26917057902973 2.11946050096339 3.7953795379538 2.48138957816377 1.77865612648221 1.0752688172043 3.82978723404255 3.33969465648855 2.74848194311282 2.87179487179487 1.72117039586919 4.43599493029151 2.20512820512821 2.10280373831776 0.902255639097744 2.24438902743142 2.51851851851852 2.53164556962025 1.96629213483146 1.20481927710843 2.75229357798165 3.06181398035817 2.34278668310728 1.53977758768178 2.30708035003978 2.36784140969163 1.34770889487871 2.23559759243336 3.44299923488906 3.70751802265705 3.63761153054221 2.05479452054795 3.55411954765751 2.22882615156018 1.84842883548983 1.98807157057654 2.18832891246684 2.02474690663667 1.23456790123457 2.8493894165536 1.81674565560821 3.1638418079096 2.97029702970297 2.58215962441315 2.53521126760563 2.21870047543582 3.51473922902494 2.59109311740891 2.57867132867133 1.78571428571429 2.37885462555066 2.97029702970297 1.55159038013964 1.30718954248366 3.01003344481605 1.51843817787419 2.22222222222222 0.683371298405467 2.84552845528455 1.53256704980843 2.16998191681736 2.79823269513991 2.80583613916947 2.64255910987483 3.1523642732049 3.4896401308615 2.22222222222222 2.28945216680294
"ש" 3.17796610169492 1.82328190743338 2.25563909774436 1.93965517241379 2.62267343485618 1.13636363636364 1.78023327194598 1.8757327080891 2.26757369614512 2.07715133531157 2.18270008084074 1.95195195195195 2.77777777777778 2.30978260869565 2.38095238095238 2.63565891472868 1.26182965299685 1.85758513931889 2.82885431400283 2.58007117437722 2.10985813022917 2.11754537597234 2.61324041811847 2.19966159052453 2.98165137614679 1.19904076738609 1.53688524590164 1.7102615694165 0.869565217391304 1.41542816702052 2.16361013805893 3.89972144846797 3.84615384615385 3.27868852459016 2.25 3.53535353535354 2.54957507082153 2.8436018957346 2.3094688221709 2.72452068617558 2.7027027027027 1.78426601784266 1.23552123552124 4.36974789915966 2.66875981161695 2.34657039711191 2.32273838630807 2.29885057471264 1.26984126984127 1.93885160328113 1.87416331994645 2.24246671338472 1.95488721804511 2.71041369472183 1.45867098865478 2.08719851576994 2.23735408560311 2.85204991087344 2.50260688216893 2.15982721382289 2.51509054325956 2.64650283553875 1.85810810810811 1.86697782963827 2.31124807395994 2.59019426456984 2.31023102310231 3.28638497652582 2.50481695568401 2.64026402640264 1.48883374689826 3.16205533596838 2.41935483870968 2.4113475177305 2.09923664122137 1.98146372643017 2.05128205128205 2.58175559380379 2.40811153358682 2 2.57009345794393 3.00751879699248 1.82876142975894 1.92592592592593 1.5370705244123 2.6685393258427 1.80722891566265 1.44167758846658 2.02195262853842 1.97287299630086 2.48075278015398 2.54574383452665 2.75330396475771 2.15633423180593 2.62252794496991 1.8362662586075 1.85375901132853 2.19629375428964 2.3972602739726 2.10016155088853 2.22882615156018 3.14232902033272 2.5844930417495 2.05570291777188 1.79977502812148 2.59259259259259 2.57801899592944 2.05371248025276 2.3728813559322 1.78217821782178 2.23004694835681 2.95774647887324 2.69413629160063 2.26757369614512 2.63157894736842 2.66608391608392 3.06122448979592 2.20264317180617 2.47524752475248 2.32738557020946 2.09150326797386 2.45261984392419 1.95227765726681 4.64646464646465 3.41685649202733 2.03252032520325 2.68199233716475 1.98915009041591 2.28276877761414 3.59147025813692 2.64255910987483 1.40105078809107 2.07197382769902 2.22222222222222 1.7988552739166
"נ" 0.211864406779661 2.52454417952314 1.67084377610693 2.58620689655172 2.28426395939086 3.63636363636364 2.39410681399632 1.52403282532239 2.04081632653061 2.67062314540059 1.61681487469685 3.45345345345345 1.08695652173913 1.4945652173913 2.38095238095238 2.32558139534884 2.20820189274448 2.22910216718266 1.27298444130127 1.29003558718861 1.52782830120044 1.42610198789974 1.21951219512195 1.35363790186125 0.917431192660551 1.67865707434053 1.84426229508197 2.8169014084507 0.869565217391304 2.54777070063694 2.16361013805893 2.78551532033426 1.53846153846154 6.88524590163934 0.25 3.53535353535354 1.41643059490085 2.3696682464455 2.54041570438799 3.12815338042381 0.540540540540541 1.13544201135442 1.08108108108108 3.02521008403361 0.784929356357928 1.71480144404332 1.10024449877751 1.53256704980843 1.26984126984127 1.34228187919463 1.94109772423025 2.24246671338472 1.95488721804511 2.28245363766049 1.70178282009724 1.71614100185529 3.30739299610895 3.38680926916221 1.66840458811262 1.51187904967603 1.81086519114688 1.89035916824197 2.53378378378378 2.21703617269545 2.92758089368259 1.20259019426457 2.31023102310231 1.87793427230047 2.69749518304432 2.47524752475248 3.47394540942928 0.988142292490119 2.41935483870968 2.4113475177305 3.43511450381679 1.82166826462128 1.53846153846154 3.95869191049914 2.02788339670469 1.8974358974359 3.50467289719626 1.35338345864662 2.16126350789692 2.81481481481481 2.53164556962025 2.24719101123596 0.451807228915663 2.09698558322412 2.77296360485269 1.47965474722565 2.39520958083832 1.90930787589499 2.25770925110132 2.2911051212938 1.54772141014617 2.90742157612854 2.47167868177137 1.57858613589568 1.71232876712329 2.82714054927302 1.04011887072808 0.924214417744917 3.18091451292247 1.92307692307692 1.79977502812148 2.83950617283951 1.49253731343284 1.97472353870458 3.27683615819209 2.97029702970297 1.64319248826291 1.69014084507042 1.26782884310618 2.26757369614512 2.34817813765182 2.70979020979021 1.27551020408163 3.34801762114537 2.14521452145215 2.09464701318852 2.22222222222222 2.22965440356745 1.95227765726681 1.21212121212121 5.92255125284738 2.03252032520325 0.766283524904215 1.44665461121157 2.94550810014728 2.35690235690236 2.3643949930459 2.1015761821366 3.05343511450382 2.70531400966184 0.817661488143908
"ע" 2.96610169491525 1.54277699859748 2.92397660818713 1.07758620689655 1.94585448392555 1.59090909090909 1.96439533456108 1.75849941383353 3.06122448979592 0.890207715133531 3.39531123686338 2.55255255255255 1.69082125603865 1.76630434782609 1.87074829931973 2.01550387596899 2.8391167192429 1.85758513931889 2.68741159830269 1.95729537366548 2.36449618042925 2.33362143474503 3.13588850174216 2.36886632825719 2.75229357798165 1.67865707434053 1.94672131147541 1.30784708249497 1.73913043478261 1.76928520877565 1.99876365134968 1.39275766016713 2.82051282051282 3.27868852459016 3.25 2.02020202020202 0.84985835694051 2.3696682464455 2.3094688221709 2.82542885973764 2.16216216216216 1.86536901865369 2.93436293436293 1.84873949579832 2.51177394034537 1.44404332129964 1.71149144254279 1.53256704980843 1.9047619047619 2.08799403430276 2.07496653279786 1.89208128941836 1.50375939849624 1.14122681883024 2.10696920583468 1.71614100185529 2.23735408560311 2.31729055258467 3.33680917622523 1.72786177105832 2.61569416498994 2.07939508506616 1.35135135135135 1.75029171528588 2.4653312788906 2.12765957446809 1.81518151815182 2.8169014084507 1.92678227360308 1.65016501650165 2.48138957816377 2.56916996047431 3.2258064516129 1.41843971631206 1.81297709923664 2.30105465004794 1.43589743589744 2.75387263339071 2.15462610899873 2 1.86915887850467 1.65413533834586 1.57938487115544 1.92592592592593 1.80831826401447 3.93258426966292 1.50602409638554 1.70380078636959 1.90641247833622 2.09617755856967 1.53977758768178 2.0684168655529 1.81718061674009 2.15633423180593 3.00945829750645 1.98928844682479 2.05973223480947 1.92175703500343 2.05479452054795 1.69628432956381 2.08023774145617 2.40295748613678 1.59045725646123 1.79045092838196 1.34983127109111 2.09876543209877 1.22116689280868 1.8957345971564 2.71186440677966 1.78217821782178 1.99530516431925 1.26760563380282 1.42630744849445 2.04081632653061 1.37651821862348 1.83566433566434 1.78571428571429 1.76211453744493 2.47524752475248 2.48254460822343 3.13725490196078 2.0066889632107 1.95227765726681 1.81818181818182 2.0501138952164 2.84552845528455 3.06513409961686 2.16998191681736 1.98821796759941 1.79573512906846 2.92072322670376 1.22591943957968 1.74482006543075 1.35265700483092 1.88062142273099
"ד" 2.11864406779661 1.40252454417952 1.50375939849624 1.29310344827586 0.761421319796954 1.36363636363636 1.78023327194598 1.28956623681125 1.8140589569161 1.78041543026706 1.535974130962 1.65165165165165 1.69082125603865 2.03804347826087 1.19047619047619 1.86046511627907 2.8391167192429 1.60990712074303 1.36727958510137 1.33451957295374 1.60058202982903 1.55574762316335 3.13588850174216 2.36886632825719 1.60550458715596 1.67865707434053 1.12704918032787 1.50905432595573 0.869565217391304 1.48619957537155 2.43148567896147 0.557103064066852 0.512820512820513 1.63934426229508 1 0.757575757575758 0.28328611898017 0.4739336492891 1.84757505773672 2.32088799192735 2.16216216216216 1.21654501216545 3.08880308880309 1.34453781512605 1.72684458398744 1.44404332129964 0.855745721271394 1.53256704980843 0.634920634920635 2.08799403430276 1.13788487282463 1.26138752627891 1.50375939849624 1.71184022824536 1.62074554294976 1.25231910946197 1.84824902723735 1.15864527629234 0.938477580813347 2.15982721382289 1.81086519114688 0.945179584120983 2.19594594594595 1.4002333722287 1.2326656394453 1.85013876040703 2.47524752475248 1.72143974960876 2.11946050096339 1.98019801980198 1.73697270471464 2.17391304347826 1.88172043010753 1.56028368794326 1.33587786259542 1.59795461808885 1.84615384615385 1.72117039586919 1.90114068441065 1.43589743589744 2.10280373831776 1.95488721804511 1.82876142975894 1.77777777777778 0.54249547920434 1.54494382022472 1.9578313253012 2.35910878112713 1.96418255343732 1.72626387176326 1.45423438836612 1.35242641209228 1.54185022026432 2.96495956873315 1.41874462596733 2.06579954093344 2.26570545829042 1.16678105696637 1.48401826484018 1.77705977382876 2.5260029717682 1.84842883548983 1.78926441351889 1.39257294429708 1.68728908886389 1.85185185185185 1.89959294436906 1.18483412322275 1.92090395480226 1.78217821782178 1.76056338028169 1.54929577464789 1.90174326465927 1.58730158730159 1.53846153846154 1.04895104895105 1.02040816326531 2.37885462555066 1.98019801980198 1.55159038013964 2.61437908496732 1.50501672240803 3.25379609544469 1.81818181818182 0.911161731207289 2.03252032520325 3.06513409961686 3.07414104882459 1.54639175257732 1.5712682379349 1.66898470097357 1.92644483362522 2.07197382769902 2.22222222222222 3.02534750613246
"ם" 2.75423728813559 1.26227208976157 1.42021720969089 0.862068965517241 2.11505922165821 3.63636363636364 0.920810313075506 0.586166471277843 1.36054421768707 2.67062314540059 1.77849636216653 2.25225225225225 1.93236714975845 1.6304347826087 1.02040816326531 2.01550387596899 0.630914826498423 1.36222910216718 2.54596888260255 2.40213523131673 2.7646416878865 2.76577355229041 2.4390243902439 1.35363790186125 3.21100917431193 2.6378896882494 3.79098360655738 1.00603621730382 2.60869565217391 1.84005661712668 0.679991757675665 1.94986072423398 1.79487179487179 1.63934426229508 3.75 1.51515151515152 1.13314447592068 2.13270142180095 1.15473441108545 1.10998990918264 1.62162162162162 2.51419302514193 3.62934362934363 2.35294117647059 2.82574568288854 1.80505415162455 2.68948655256724 2.4904214559387 0.317460317460317 1.56599552572707 1.74029451137885 1.33146461107218 1.80451127819549 1.56918687589158 1.94489465153971 2.6669758812616 1.84824902723735 1.42602495543672 1.45985401459854 2.59179265658747 1.50905432595573 1.70132325141777 1.18243243243243 1.16686114352392 0 1.48011100832562 2.14521452145215 1.79968701095462 1.54142581888247 1.81518151815182 0.496277915632754 1.58102766798419 0.537634408602151 1.41843971631206 1.43129770992366 1.40620006391818 2.35897435897436 1.03270223752151 1.14068441064639 0.923076923076923 0.467289719626168 1.50375939849624 0.914380714879468 2.07407407407407 0.723327305605787 2.80898876404494 1.50602409638554 0.524246395806029 0.751010976314269 1.10974106041924 1.45423438836612 1.27287191726333 1.15638766519824 1.75202156334232 1.76268271711092 0.688599846977812 0.720906282183316 0.480439258750858 0.91324200913242 0.888529886914378 1.48588410104012 2.40295748613678 1.78926441351889 1.3262599469496 3.03712035995501 2.46913580246914 2.98507462686567 1.26382306477093 1.80790960451977 1.78217821782178 1.76056338028169 0.845070422535211 2.53565768621236 1.70068027210884 2.59109311740891 1.61713286713287 1.27551020408163 1.05726872246696 1.15511551155116 1.24127230411171 2.09150326797386 0.780379041248606 2.16919739696312 2.02020202020202 2.50569476082005 0.813008130081301 2.29885057471264 0.904159132007233 1.54639175257732 1.68350168350168 0.834492350486787 0.350262697022767 0.654307524536532 2.1256038647343 1.30825838103025
"כ" 1.69491525423729 1.54277699859748 1.75438596491228 0.862068965517241 1.1844331641286 2.04545454545455 1.59607120933088 1.52403282532239 1.36054421768707 1.18694362017804 1.05092966855295 1.65165165165165 1.93236714975845 1.6304347826087 1.36054421768707 0.775193798449612 1.26182965299685 2.53869969040248 1.13154172560113 1.46797153024911 1.01855220080029 0.993949870354365 1.74216027874564 1.1844331641286 0.688073394495413 1.43884892086331 1.33196721311475 1.60965794768612 2.60869565217391 1.27388535031847 1.66907067793118 1.1142061281337 0.769230769230769 1.31147540983607 0.75 0.757575757575758 3.39943342776204 2.13270142180095 0.69284064665127 1.10998990918264 2.7027027027027 2.27088402270884 2.93436293436293 2.01680672268908 0.313971742543171 1.53429602888087 2.07823960880196 2.10727969348659 0.952380952380952 1.34228187919463 1.67336010709505 1.541695865452 1.65413533834586 1.14122681883024 1.05348460291734 1.53061224489796 1.4591439688716 0.89126559714795 1.45985401459854 2.15982721382289 2.21327967806841 1.51228733459357 1.52027027027027 1.5169194865811 1.84899845916795 1.48011100832562 1.98019801980198 1.4866979655712 1.73410404624277 1.15511551155116 0.992555831265509 1.38339920948617 0.806451612903226 1.56028368794326 0.763358778625954 1.2464046021093 0.512820512820513 1.54905335628227 1.7743979721166 1.79487179487179 0.934579439252336 1.65413533834586 1.74563591022444 1.33333333333333 0.81374321880651 0.842696629213483 1.35542168674699 0.917431192660551 1.32871172732525 1.60295930949445 1.53977758768178 1.35242641209228 1.04625550660793 0.943396226415094 1.67669819432502 1.91277735271614 1.64778578784758 0.823610157858614 1.25570776255708 1.37318255250404 1.04011887072808 1.29390018484288 1.19284294234592 0.928381962864722 1.12485939257593 2.09876543209877 2.03527815468114 1.65876777251185 0.451977401129944 0.99009900990099 1.76056338028169 2.11267605633803 1.26782884310618 1.36054421768707 1.05263157894737 1.22377622377622 0.76530612244898 1.58590308370044 0.99009900990099 3.33591931730023 1.04575163398693 1.56075808249721 0.867678958785249 0.808080808080808 0.227790432801822 1.21951219512195 1.53256704980843 1.98915009041591 1.620029455081 0.897867564534231 1.39082058414465 1.0507880910683 1.85387131952017 0.869565217391304 2.61651676206051
"ח" 1.05932203389831 1.12201963534362 1.33667502088555 2.1551724137931 0.761421319796954 0.909090909090909 0.920810313075506 1.40679953106682 0.793650793650794 0 0.970088924818108 0.750750750750751 0.845410628019324 0.951086956521739 1.02040816326531 0.465116279069767 1.26182965299685 1.17647058823529 1.46157472890146 1.33451957295374 1.38232084394325 1.21002592912705 1.21951219512195 1.35363790186125 0.458715596330275 0.959232613908873 0.819672131147541 1.40845070422535 1.73913043478261 1.41542816702052 1.50422419122192 0.835654596100279 0.256410256410256 1.31147540983607 0.75 0.757575757575758 0.56657223796034 1.18483412322275 1.15473441108545 1.00908173562059 0 0.89213300892133 2.54826254826255 1.00840336134454 0.784929356357928 1.71480144404332 0.733496332518337 1.53256704980843 0.317460317460317 1.41685309470544 1.27175368139224 1.68185003503854 0.601503759398496 1.14122681883024 1.70178282009724 1.27551020408163 1.16731517509728 0.53475935828877 1.25130344108446 0.647948164146868 0.704225352112676 0.378071833648393 1.85810810810811 1.28354725787631 1.54083204930663 0.925069380203515 0.825082508250825 1.01721439749609 1.92678227360308 0.825082508250825 1.24069478908189 1.97628458498024 0.806451612903226 1.98581560283688 1.14503816793893 1.59795461808885 1.12820512820513 1.03270223752151 1.01394169835234 1.33333333333333 1.63551401869159 0.451127819548872 1.41313383208645 1.33333333333333 1.62748643761302 0.98314606741573 1.05421686746988 1.44167758846658 1.55979202772964 1.35635018495684 1.71086398631309 1.03420843277645 2.31277533039648 1.75202156334232 1.16079105760963 1.8362662586075 1.44181256436663 1.64722031571723 1.48401826484018 2.66558966074313 1.93164933135215 2.2181146025878 0.397614314115308 1.52519893899204 1.5748031496063 2.34567901234568 2.71370420624152 1.26382306477093 1.12994350282486 0.99009900990099 1.40845070422535 1.54929577464789 2.06022187004754 1.13378684807256 0.850202429149798 1.22377622377622 2.55102040816327 1.40969162995595 0.33003300330033 1.86190845616757 1.30718954248366 1.67224080267559 1.7353579175705 1.01010101010101 1.36674259681093 0.40650406504065 1.53256704980843 1.08499095840868 1.620029455081 1.90796857463524 1.25173852573018 1.40105078809107 1.52671755725191 1.35265700483092 0.899427636958299
"ך" 0.847457627118644 0.561009817671809 0.75187969924812 1.29310344827586 1.01522842639594 1.36363636363636 1.35052179251074 2.11019929660023 1.02040816326531 1.48367952522255 0.485044462409054 0.15015015015015 0.120772946859903 0.407608695652174 0.170068027210884 0.465116279069767 0 0.928792569659443 0.518623290900519 0.400355871886121 0.363768643142961 0.302506482281763 0 0.50761421319797 0.229357798165138 0.239808153477218 0.819672131147541 0.503018108651911 0 0.283085633404105 2.76117865237997 0.835654596100279 2.30769230769231 0.327868852459016 0 0.757575757575758 3.39943342776204 0 0.69284064665127 1.2108980827447 0.540540540540541 0.40551500405515 0.231660231660232 0.840336134453782 0.470957613814757 0.72202166064982 0 0 0 1.7151379567487 0.870147255689424 1.89208128941836 0.75187969924812 0.570613409415121 1.21555915721232 0.139146567717996 2.04280155642023 1.24777183600713 0.938477580813347 0 1.10663983903421 0.378071833648393 0.168918918918919 1.98366394399067 0.770416024653313 0.370027752081406 1.15511551155116 0.860719874804382 0.192678227360308 0 0.744416873449132 0 1.0752688172043 1.13475177304965 1.52671755725191 0.351550015979546 0.41025641025641 2.06540447504303 2.15462610899873 0.512820512820513 1.4018691588785 0.902255639097744 1.41313383208645 1.18518518518519 0.54249547920434 0.98314606741573 0.301204819277108 1.17955439056356 1.09763142692085 1.23304562268804 0.256629597946963 0.397772474144789 0.550660792951542 2.02156334231806 0.429922613929493 0.612088752869166 1.13285272914521 1.30404941660947 0.342465753424658 1.37318255250404 1.33729569093611 0.184842883548983 0.99403578528827 0.397877984084881 0.674915635545557 1.11111111111111 0.542740841248304 0.394944707740916 0.677966101694915 1.18811881188119 0.821596244131455 2.25352112676056 0 1.13378684807256 0.809716599190283 0.874125874125874 0.76530612244898 2.20264317180617 0.825082508250825 0.155159038013964 1.04575163398693 0.445930880713489 2.16919739696312 1.41414141414141 0.227790432801822 0 0 2.7124773960217 1.76730486008837 0.336700336700337 0.556328233657858 0.700525394045534 2.29007633587786 0.579710144927536 2.12591986917416
"פ" 1.05932203389831 0.981767180925666 0.835421888053467 0.862068965517241 1.09983079526227 0.681818181818182 1.16635972989564 1.17233294255569 0.793650793650794 0 0.727566693613581 0.750750750750751 1.08695652173913 1.08695652173913 1.36054421768707 0.310077519379845 0.315457413249211 1.23839009287926 0.848656294200849 1.11209964412811 0.763914150600218 0.90751944684529 1.04529616724739 0.50761421319797 0.688073394495413 0.719424460431655 0.204918032786885 0.905432595573441 0 0.353857041755131 1.07150216361014 0.835654596100279 0.256410256410256 0.655737704918033 0.25 0.505050505050505 0.84985835694051 0.23696682464455 0.92378752886836 0.605449041372351 0 0.40551500405515 0.308880308880309 0.168067226890756 0.784929356357928 1.08303249097473 0.366748166259169 0.766283524904215 0.317460317460317 0.894854586129754 0.602409638554217 0.630693763139453 0.75187969924812 0.570613409415121 0.729335494327391 0.99721706864564 0.875486381322957 1.42602495543672 0.521376433785193 1.51187904967603 0.704225352112676 0.378071833648393 0.506756756756757 1.05017502917153 0.924499229583975 1.38760407030527 0.66006600660066 1.01721439749609 2.11946050096339 0.825082508250825 0.992555831265509 0.592885375494071 0.806451612903226 0.851063829787234 2.38549618320611 0.671140939597315 1.33333333333333 0.172117039586919 0.887198986058302 1.38461538461538 0.700934579439252 0.75187969924812 0.58187863674148 1.18518518518519 0.81374321880651 0.561797752808989 0 1.04849279161206 0.98209127671866 0.739827373612824 0.427715996578272 0.954653937947494 1.37665198237885 0.943396226415094 0.558899398108341 0.918133129303749 0.82389289392379 1.09814687714482 0.684931506849315 1.05008077544426 0 0.924214417744917 0.99403578528827 0.928381962864722 1.23734533183352 1.23456790123457 1.35685210312076 0.868878357030016 0.790960451977401 0.792079207920792 0.586854460093897 1.40845070422535 1.42630744849445 0.90702947845805 0.850202429149798 1.18006993006993 1.02040816326531 0.969162995594714 0.33003300330033 0.698215671062839 0.261437908496732 0.836120401337793 0.216919739696312 0.202020202020202 1.82232346241458 1.21951219512195 0.383141762452107 0.54249547920434 0.883652430044183 1.12233445566779 2.08623087621697 1.40105078809107 1.30861504907306 1.06280193236715 0.654129190515127
"ק" 0.635593220338983 0.841514726507714 0.417710944026733 0.431034482758621 0.592216582064298 0 0.736648250460405 0.703399765533411 0.566893424036281 0.890207715133531 0.889248181083266 0.750750750750751 0.36231884057971 0.815217391304348 0.850340136054422 1.55038759689922 0 0.86687306501548 0.612918434700613 0.711743772241993 0.400145507457257 0.734658599827139 0.522648083623693 1.01522842639594 0.458715596330275 1.19904076738609 0.102459016393443 0.704225352112676 0 0.495399858457183 0.906655676900886 0.835654596100279 0 0 1 0.757575757575758 0 0.947867298578199 2.07852193995381 0.605449041372351 0.540540540540541 0.24330900243309 0.231660231660232 0.168067226890756 0.784929356357928 0.812274368231047 0.611246943765281 0.574712643678161 0.952380952380952 0.52199850857569 0.937081659973226 1.12123335669236 1.35338345864662 0.570613409415121 1.05348460291734 0.602968460111317 0.972762645914397 0.445632798573975 0.625651720542232 0.647948164146868 0.603621730382294 1.13421550094518 1.01351351351351 1.28354725787631 0.462249614791988 1.20259019426457 0.495049504950495 0.469483568075117 1.15606936416185 0.99009900990099 0 0.790513833992095 1.34408602150538 0.283687943262411 1.04961832061069 0.798977309044423 1.33333333333333 0.860585197934596 0.126742712294043 0.871794871794872 0.233644859813084 1.05263157894737 0.415627597672485 0.740740740740741 1.1754068716094 0.561797752808989 1.50602409638554 0.524246395806029 0.519930675909879 0.493218249075216 0.342172797262618 0.636435958631663 1.21145374449339 1.21293800539084 1.07480653482373 0.765110941086457 0.308959835221421 0.686341798215511 0.570776255707763 0.484652665589661 0.742942050520059 0.55452865064695 0.397614314115308 1.12732095490716 0.449943757030371 0.246913580246914 0.67842605156038 0.631911532385466 0.903954802259887 0.594059405940594 0.586854460093897 0.563380281690141 0.950871632329635 1.24716553287982 0.850202429149798 0.655594405594406 0.76530612244898 0.616740088105727 0.99009900990099 0.853374709076804 0.784313725490196 0.668896321070234 0.650759219088937 0.202020202020202 0.455580865603645 0 0.766283524904215 0.723327305605787 0.957290132547865 0.673400673400673 1.11265646731572 1.22591943957968 0.54525627044711 0.579710144927536 0.654129190515127
"צ" 1.27118644067797 0.561009817671809 0.75187969924812 0 0.676818950930626 0.227272727272727 0.736648250460405 1.05509964830012 0.566893424036281 0 0.727566693613581 0.45045045045045 0.36231884057971 0.951086956521739 0.850340136054422 0.310077519379845 0.630914826498423 0.743034055727554 0.471475719000471 0.800711743772242 0.65478355765733 1.3828867761452 0.522648083623693 1.01522842639594 0 1.19904076738609 0.102459016393443 0.804828973843058 0 0.424628450106157 0.679991757675665 0.835654596100279 0.512820512820513 0 0.75 0.505050505050505 0.28328611898017 1.8957345971564 0 0.807265388496468 0.540540540540541 0.8110300081103 0.308880308880309 0.336134453781513 0.470957613814757 0.631768953068592 0.488997555012225 0.383141762452107 1.26984126984127 0.447427293064877 0.535475234270415 1.05115627189909 0.75187969924812 0.570613409415121 0.648298217179903 0.579777365491651 0.291828793774319 1.06951871657754 0.938477580813347 0.647948164146868 0.503018108651911 0.378071833648393 0.675675675675676 1.05017502917153 0.61633281972265 1.11008325624422 0.825082508250825 0.782472613458529 1.34874759152216 0.495049504950495 0.992555831265509 0.790513833992095 0.268817204301075 0.567375886524823 0.763358778625954 0.671140939597315 1.23076923076923 0.688468158347676 0.380228136882129 0.41025641025641 0.934579439252336 0.300751879699248 0.748129675810474 0.296296296296296 0.361663652802893 0.140449438202247 0.150602409638554 0.393184796854522 0.98209127671866 0.739827373612824 0.855431993156544 0.954653937947494 0.66079295154185 0.808625336927224 0.773860705073087 0.382555470543229 0.617919670442842 0.823610157858614 0.570776255707763 0.807754442649435 0.742942050520059 0.55452865064695 0.99403578528827 0.331564986737401 0.674915635545557 0.37037037037037 0.814111261872456 0.552922590837283 1.35593220338983 0.792079207920792 0.821596244131455 0.563380281690141 0.63391442155309 1.02040816326531 0.850202429149798 0.743006993006993 0.76530612244898 0.26431718061674 0.33003300330033 0.698215671062839 0.915032679738562 0.334448160535117 0.433839479392625 0 0.227790432801822 0 0.766283524904215 0.180831826401447 0.589101620029455 0.673400673400673 0.417246175243394 0.875656742556918 0.981461286804798 1.44927536231884 0.327064595257563
"ס" 0 0.981767180925666 0.50125313283208 0.21551724137931 0.676818950930626 0.681818181818182 0.49109883364027 0.82063305978898 0.226757369614512 0.29673590504451 0.565885206143896 0.3003003003003 0.120772946859903 0.815217391304348 0.340136054421769 0 0.315457413249211 0.371517027863777 0.612918434700613 0.266903914590747 0.509276100400145 0.475367329299914 0.348432055749129 0.50761421319797 0 0.959232613908873 0.307377049180328 0.301810865191147 0.869565217391304 1.13234253361642 0.206058108386565 0.278551532033426 0 0 0.5 0 0.28328611898017 0.23696682464455 0.46189376443418 0.403632694248234 0 0.24330900243309 2.23938223938224 0.336134453781513 0.156985871271586 0.72202166064982 0.244498777506112 0.766283524904215 0 0.52199850857569 0.401606425702811 0.210231254379818 0.75187969924812 0.998573466476462 0.648298217179903 0.626159554730983 0.680933852140078 0.623885918003565 0.72992700729927 0.647948164146868 0.804828973843058 0.945179584120983 0.675675675675676 0.350058343057176 0.770416024653313 0.462534690101758 0.33003300330033 0.469483568075117 0.963391136801541 0.66006600660066 0.496277915632754 0.395256916996047 0.537634408602151 0.851063829787234 0.763358778625954 0.543304570150208 0.307692307692308 0.688468158347676 0.253485424588086 0.41025641025641 0.700934579439252 0.451127819548872 0.58187863674148 0.740740740740741 0.632911392405063 0.140449438202247 0 0.393184796854522 0.866551126516464 1.60295930949445 0.513259195893926 0.477326968973747 0.275330396475771 0.673854447439353 0.214961306964746 0.306044376434583 0.720906282183316 0.61770761839396 0.228310502283105 0.484652665589661 0.891530460624071 0.369685767097967 0.596421471172962 0.596816976127321 0.224971878515186 0.740740740740741 0.814111261872456 0.868878357030016 0.790960451977401 1.18811881188119 0.586854460093897 0.28169014084507 0.792393026941363 0 0.607287449392713 0.34965034965035 0.255102040816327 0.440528634361233 0.66006600660066 0.465477114041893 0.522875816993464 0.278706800445931 0 0.404040404040404 0 0 0 0.361663652802893 0.515463917525773 1.12233445566779 0.417246175243394 0.525394045534151 0.54525627044711 0.289855072463768 0.408830744071954
"ן" 0.635593220338983 0.280504908835905 0.334168755221387 0 0.253807106598985 0 0.184162062615101 0.82063305978898 1.13378684807256 0.593471810089021 0.404203718674212 0.3003003003003 0.241545893719807 0.815217391304348 0 0.62015503875969 0.315457413249211 0.371517027863777 1.32013201320132 0.444839857651246 0.436522371771553 0.345721694036301 0.348432055749129 0.846023688663283 0.229357798165138 1.19904076738609 0.614754098360656 0.402414486921529 0 0.424628450106157 0.103029054193283 0.835654596100279 0.769230769230769 0.327868852459016 0.75 0.252525252525253 0.84985835694051 0.23696682464455 0.23094688221709 0.504540867810293 0.540540540540541 0.72992700729927 0.308880308880309 0.336134453781513 0.627943485086342 0.541516245487365 0.488997555012225 0.191570881226054 0 0.52199850857569 0.535475234270415 0.840925017519271 0.300751879699248 0.427960057061341 0.567260940032415 0.834879406307978 0.291828793774319 0.623885918003565 0 0.863930885529158 1.00603621730382 0.378071833648393 0.337837837837838 0.58343057176196 0.462249614791988 1.01757631822387 0.33003300330033 0.704225352112676 0.578034682080925 0.66006600660066 0.992555831265509 1.38339920948617 0.537634408602151 0.425531914893617 0.190839694656489 0.479386385426654 0.717948717948718 0.344234079173838 0.253485424588086 0.205128205128205 0.700934579439252 0 0.332502078137988 0.444444444444444 0.0904159132007233 0.561797752808989 0.753012048192771 0.524246395806029 0.173310225303293 0.739827373612824 0.513259195893926 0.0795544948289578 0.330396475770925 0.943396226415094 0.60189165950129 0.53557765876052 0.514933058702369 0.480439258750858 0.342465753424658 0.888529886914378 0.297176820208024 1.29390018484288 0 0.464190981432361 0.112485939257593 0.37037037037037 0.814111261872456 0.789889415481833 0.451977401129944 0.396039603960396 0.117370892018779 0.563380281690141 0.316957210776545 1.36054421768707 1.01214574898785 0.393356643356643 0.255102040816327 0.440528634361233 0.33003300330033 0.232738557020946 0.392156862745098 0.72463768115942 0.867678958785249 0.404040404040404 0 0 2.29885057471264 0 0.294550810014728 0.448933782267116 0.556328233657858 0.700525394045534 0.109051254089422 0.869565217391304 0.408830744071954
"ג" 0.423728813559322 0.841514726507714 0.417710944026733 0.431034482758621 0.338409475465313 0.454545454545455 0.675260896255371 0.586166471277843 0.566893424036281 0.29673590504451 0.727566693613581 0.45045045045045 0.483091787439614 0.543478260869565 0.340136054421769 0.62015503875969 0 0.247678018575851 0.424328147100424 0.578291814946619 0.509276100400145 0.561797752808989 0.522648083623693 0.169204737732657 0.458715596330275 0.719424460431655 0.819672131147541 0.603621730382294 1.73913043478261 0.283085633404105 0.350298784257161 0.835654596100279 0.256410256410256 0.983606557377049 0.25 1.01010101010101 0.84985835694051 1.18483412322275 0 0.201816347124117 0 0.48661800486618 0.540540540540541 0.504201680672269 0.156985871271586 0.541516245487365 0.488997555012225 0.574712643678161 0.952380952380952 0.223713646532438 0.468540829986613 0.210231254379818 0.601503759398496 0.855920114122682 0.891410048622366 0.487012987012987 0.680933852140078 0.89126559714795 0.208550573514077 0.215982721382289 0.603621730382294 0.189035916824197 0.506756756756757 0.58343057176196 0.462249614791988 0.462534690101758 0.66006600660066 0.938967136150235 0.192678227360308 0.495049504950495 0.992555831265509 0.395256916996047 0.537634408602151 0.425531914893617 0.286259541984733 0.990731863215085 0.717948717948718 0.516351118760757 0.506970849176172 0.717948717948718 0.934579439252336 0.300751879699248 0.249376558603491 0.296296296296296 0 0.280898876404494 0.150602409638554 0.262123197903014 0.577700751010976 0.493218249075216 0.598802395209581 0.318217979315831 0.605726872246696 0.404312668463612 0.257953568357696 0.918133129303749 0.82389289392379 0.480439258750858 0.228310502283105 0.323101777059774 0.891530460624071 0.55452865064695 0.596421471172962 0.331564986737401 0.337457817772778 0.246913580246914 0 0.947867298578199 0.225988700564972 0.594059405940594 0.469483568075117 0.28169014084507 0.316957210776545 1.36054421768707 0.445344129554656 0.393356643356643 0.510204081632653 0.352422907488987 0.495049504950495 0.465477114041893 0.261437908496732 0.222965440356745 0.650759219088937 0.202020202020202 0 1.6260162601626 0.383141762452107 0.904159132007233 0.294550810014728 0.448933782267116 0 0.525394045534151 0.109051254089422 0.386473429951691 0.735895339329518
"ז" 0 0.561009817671809 0.584795321637427 0.646551724137931 0.423011844331641 0.227272727272727 0.798035604665439 0 0.566893424036281 0.890207715133531 0.323362974939369 0.15015015015015 0.483091787439614 0.271739130434783 1.02040816326531 0.310077519379845 0.315457413249211 0.371517027863777 0.33003300330033 0.444839857651246 0.363768643142961 0.518582541054451 0.348432055749129 0.676818950930626 0.229357798165138 0.239808153477218 0.614754098360656 0.503018108651911 0 0.56617126680821 0.453327838450443 0 0.512820512820513 0.655737704918033 0 1.01010101010101 0.28328611898017 0 0.23094688221709 0.504540867810293 0 0.40551500405515 0.386100386100386 0.672268907563025 0.470957613814757 0.451263537906137 0.244498777506112 0.766283524904215 0.317460317460317 0.671140939597315 0.401606425702811 0.490539593552908 0.75187969924812 0.285306704707561 1.13452188006483 0.394248608534323 0.389105058365759 0.623885918003565 0.312825860271116 0.215982721382289 0.503018108651911 0.189035916824197 0.844594594594595 0.350058343057176 0.308166409861325 0.277520814061055 0.495049504950495 0.625978090766823 0.578034682080925 0.66006600660066 0.248138957816377 0 0.537634408602151 0.141843971631206 0.572519083969466 0.383509108341323 0.615384615384615 0.688468158347676 0.887198986058302 0.564102564102564 0.233644859813084 0.902255639097744 0.415627597672485 0.296296296296296 0.904159132007233 0.702247191011236 0.753012048192771 0.917431192660551 0.577700751010976 0.246609124537608 0.171086398631309 0.238663484486873 0.220264317180617 0 0.60189165950129 0.459066564651875 0.205973223480947 0.549073438572409 0.228310502283105 0.807754442649435 0.445765230312036 0.184842883548983 0.99403578528827 0.0663129973474801 0.337457817772778 0.246913580246914 0.67842605156038 0.394944707740916 0.564971751412429 0.396039603960396 0.938967136150235 0.704225352112676 0.316957210776545 0.226757369614512 0.566801619433198 0.262237762237762 0.76530612244898 0.440528634361233 0.33003300330033 0.232738557020946 0.915032679738562 0.557413600891862 0.433839479392625 0 1.13895216400911 0 0.766283524904215 0.361663652802893 0.294550810014728 0.448933782267116 0.417246175243394 0.525394045534151 0.436205016357688 0.483091787439614 0.327064595257563
"ט" 0.635593220338983 0.420757363253857 0.50125313283208 0.431034482758621 0.169204737732657 0.227272727272727 0.429711479435236 0.468933177022274 0.226757369614512 0.29673590504451 0.646725949878739 0.15015015015015 0.36231884057971 0.407608695652174 0.340136054421769 0.465116279069767 0.315457413249211 0.247678018575851 0.518623290900519 0.222419928825623 0.254638050200073 0.302506482281763 0.522648083623693 0.676818950930626 0 0 0.512295081967213 0.201207243460765 0 0.424628450106157 0.638780135998351 0 0.256410256410256 0 1.5 0 0.56657223796034 0 0 0.100908173562059 0 0.24330900243309 0.154440154440154 0 0.313971742543171 0.451263537906137 0.244498777506112 0.191570881226054 0 0.149142431021626 0.401606425702811 0.140154169586545 0.300751879699248 0.427960057061341 0.0810372771474878 0.278293135435993 0.194552529182879 0.267379679144385 0.312825860271116 1.29589632829374 0.301810865191147 0 0.675675675675676 0.116686114352392 0.154083204930663 0.462534690101758 0.33003300330033 0.704225352112676 0.192678227360308 0.165016501650165 0.744416873449132 0.395256916996047 0.268817204301075 0.425531914893617 0.66793893129771 0.223713646532438 0.205128205128205 0 0.633713561470216 0.615384615384615 0.467289719626168 0 0.665004156275977 0.444444444444444 0.361663652802893 0.140449438202247 0 0.131061598951507 0.404390525707683 0.739827373612824 0.427715996578272 0.556881463802705 0.275330396475771 0.404312668463612 0.644883920894239 0.459066564651875 0.411946446961895 0.549073438572409 0.342465753424658 1.05008077544426 0.742942050520059 0.369685767097967 0.198807157057654 0.331564986737401 0.449943757030371 0.123456790123457 0.814111261872456 0.157977883096367 0.225988700564972 0.198019801980198 0.586854460093897 0.140845070422535 0.158478605388273 0.566893424036281 0.0809716599190283 0.437062937062937 0.255102040816327 0.352422907488987 0.33003300330033 0.387897595034911 0 0.780379041248606 0.433839479392625 0.808080808080808 0.911161731207289 0 1.14942528735632 0 0.294550810014728 0.448933782267116 0.556328233657858 0.525394045534151 0.436205016357688 0.386473429951691 0.163532297628782
"ץ" 0.423728813559322 0.420757363253857 0.334168755221387 0.21551724137931 0.169204737732657 0.909090909090909 0.122774708410068 0.117233294255569 0 0 0.0808407437348424 0.15015015015015 0.483091787439614 0.543478260869565 0.510204081632653 0.155038759689922 0.315457413249211 0.247678018575851 0.33003300330033 0.311387900355872 0.218261185885777 0.0864304235090752 0 0.338409475465313 0.229357798165138 0.239808153477218 0.307377049180328 0 0 0 0.123634865031939 0 0.256410256410256 0 0 0 0 0.23696682464455 0 0.100908173562059 0.540540540540541 0.24330900243309 0.0772200772200772 0.168067226890756 0.156985871271586 0.451263537906137 0.611246943765281 0 0 0.223713646532438 0.334672021419009 0.560616678346181 0.300751879699248 0.427960057061341 0.162074554294976 0.0695732838589982 0.0972762645914397 0.089126559714795 0.208550573514077 0.431965442764579 0.100603621730382 0 0 0.116686114352392 0 0.0925069380203515 0.33003300330033 0 0 0.165016501650165 0 0 0 0.141843971631206 0.286259541984733 0.0958772770853308 0.205128205128205 0 0.126742712294043 0.205128205128205 0 0.150375939849624 0.0831255195344971 0.148148148148148 0.180831826401447 0 0 0 0.115540150202195 0.123304562268804 0.256629597946963 0.159108989657916 0.165198237885463 0 0.343938091143594 0 0 0 0.342465753424658 0.161550888529887 0.148588410104012 0 0 0 0 0.246913580246914 0.542740841248304 0.0789889415481833 0.112994350282486 0.198019801980198 0 0.28169014084507 0.158478605388273 0.226757369614512 0.242914979757085 0.0874125874125874 0 0 0.33003300330033 0.232738557020946 0.130718954248366 0.111482720178372 0.650759219088937 0 0.227790432801822 0 0 0.180831826401447 0.0736377025036819 0.112233445566779 0.139082058414465 0.175131348511384 0.327153762268266 0.0966183574879227 0
"ף" 0 0.140252454417952 0.25062656641604 0 0.169204737732657 0 0.0613873542050338 0.351699882766706 0 0.29673590504451 0 0 0.120772946859903 0 0.170068027210884 0 0 0.123839009287926 0.141442715700141 0.133451957295374 0.181884321571481 0.0432152117545376 0.174216027874564 0 0 0 0.307377049180328 0 0 0 0.041211621677313 0.278551532033426 0 0 0 0 0 0.23696682464455 0 0 0 0.16220600162206 0.154440154440154 0 0.156985871271586 0 0.122249388753056 0.191570881226054 0.317460317460317 0.298284862043251 0.133868808567604 0.350385423966363 0.150375939849624 0.285306704707561 0.567260940032415 0.139146567717996 0.291828793774319 0.17825311942959 0.312825860271116 0.215982721382289 0.100603621730382 0 0 0 0 0.185013876040703 0 0 0 0.33003300330033 0 0.197628458498024 0 0.425531914893617 0.190839694656489 0.159795461808885 0 0 0 0.0512820512820513 0 0 0 0.148148148148148 0.0904159132007233 0 0.150602409638554 0 0 0.123304562268804 0 0 0 0 0.0859845227858985 0 0 0 0.114155251141553 0 0 0.184842883548983 0 0.0663129973474801 0.112485939257593 0.246913580246914 0.135685210312076 0 0.112994350282486 0.396039603960396 0 0.140845070422535 0 0.113378684807256 0.323886639676113 0 0 0 0 0 0.130718954248366 0.0557413600891862 0 0 0.227790432801822 0 0 0.361663652802893 0 0 0 0.175131348511384 0.218102508178844 0 0.0817661488143908
"t" 0 0.280504908835905 0 0 0 0.227272727272727 0 0 0 0 0.0808407437348424 0 0 0 0 0 0 0 0.0471475719000471 0 0.0363768643142961 0.0432152117545376 0 0 0 0 0 0 0 0 0.0206058108386565 0 0 0 0.5 0 0 0 0 0 0 0 0 0 0 0 0 0 0 0 0 0 0 0 0 0 0.0972762645914397 0 0 0 0 0.378071833648393 0 0 0.154083204930663 0 0.165016501650165 0.0782472613458529 0 0 0.248138957816377 0 0 0 0 0 0.102564102564103 0 0 0 0 0 0.0831255195344971 0 0 0 0 0 0.115540150202195 0.123304562268804 0 0 0.0550660792951542 0 0 0.0765110941086457 0 0 0 0 0 0.184842883548983 0 0 0.112485939257593 0 0 0 0 0 0 0 0 0 0 0.0437062937062937 0 0 0 0 0 0 0 0 0 0 0 0 0 0 0 0 0 0 0
"c" 0 0 0 0 0 0.227272727272727 0.0613873542050338 0 0 0 0 0 0 0 0 0 0 0 0 0 0.0363768643142961 0 0 0 0 0 0 0 0 0 0 0 0 0 0 0 0 0 0 0 0 0 0 0 0 0 0 0 0 0 0 0 0.150375939849624 0 0 0.023191094619666 0.0972762645914397 0 0 0 0 0 0 0 0 0 0 0 0 0 0 0.197628458498024 0 0 0 0.0319590923617769 0 0 0 0 0 0 0 0 0 0.140449438202247 0 0 0 0 0.0855431993156544 0 0 0 0.0429922613929493 0 0 0 0 0 0 0 0 0 0 0 0 0 0 0 0.117370892018779 0 0 0 0 0 0 0 0 0 0 0 0 0 0.227790432801822 0 0 0 0 0 0 0 0 0 0
"d" 0 0 0 0 0 0 0 0 0 0 0 0 0 0 0 0.155038759689922 0 0 0 0 0 0 0 0 0 0 0 0 0 0 0 0 0 0 0 0 0.28328611898017 0 0 0 0 0.08110300081103 0 0 0 0 0 0 0 0 0 0.0700770847932726 0 0 0 0.023191094619666 0 0 0 0 0 0.189035916824197 0 0 0 0 0 0 0 0 0 0 0 0 0 0.0319590923617769 0 0 0 0 0 0 0 0 0 0 0 0 0 0 0 0 0 0 0 0 0 0 0 0 0 0 0 0.0663129973474801 0 0 0 0 0 0.198019801980198 0 0 0 0 0 0.0437062937062937 0 0 0 0.0775795190069822 0 0 0 0 0 0 0 0.180831826401447 0 0 0 0 0 0 0
"m" 0 0 0 0 0 0 0 0 0 0 0 0 0 0 0 0 0 0 0 0 0 0 0 0 0 0 0 0 0 0 0 0 0 0 0 0 0 0 0 0 0 0 0 0 0 0 0 0 0 0 0 0 0 0 0 0 0 0 0 0 0 0 0 0 0 0 0.165016501650165 0 0 0 0 0 0 0 0 0.0319590923617769 0 0 0 0 0 0 0 0 0 0 0 0 0 0 0 0 0 0 0 0 0 0 0 0 0 0 0 0 0 0 0 0 0 0 0 0 0 0 0 0 0 0 0 0 0 0 0 0 0 0 0 0 0 0 0 0 0 0 0
