"001_Anonymous" "002_Anonymous" "010_Anonymous" "043_Anonymous" "066_Anonymous" "067_Anonymous" "071_Anonymous" "091_Anonymous" "092_Anonymous" "093_Anonymous" "094_Anonymous" "095_Anonymous" "096_Anonymous" "097_Anonymous" "098_Anonymous" "099_Anonymous" "100_Anonymous" "102_Anonymous" "104_Anonymous" "105_Anonymous" "106_Anonymous" "107_Anonymous" "111_Anonymous" "112_Anonymous" "113_Anonymous" "114_Anonymous" "115_Anonymous" "116_Anonymous" "117_Anonymous" "118_Anonymous" "119_Anonymous" "120_Anonymous" "121_Anonymous" "123_Anonymous" "125_Anonymous" "126_Anonymous" "128_Anonymous" "129_Anonymous" "130_Anonymous" "132_Anonymous" "134_Anonymous" "135_Anonymous" "136_Anonymous" "137_Anonymous" "146_Anonymous" "147_Anonymous" "148_Anonymous" "149_Anonymous" "150_Anonymous"
" " 47.4576271186441 47.6858345021038 47.5355054302423 47.6293103448276 47.0389170896785 46.5909090909091 47.9435236341314 48.0656506447831 47.3922902494331 47.7744807121662 47.7768795472918 47.5975975975976 46.9806763285024 47.2826086956522 46.9387755102041 47.1317829457364 46.0567823343849 48.2352941176471 47.8547854785479 47.6423487544484 47.6536922517279 47.5367329299914 47.212543554007 47.7157360406091 46.7889908256881 47.9616306954436 47.3360655737705 48.0885311871227 46.0869565217391 46.8506723283793 48.1351741191016 48.4679665738162 47.9487179487179 45.9016393442623 46.5 45.959595959596 47.3087818696884 46.6824644549763 47.8060046189376 47.3259334006055 47.027027027027 47.5263584752636 47.5675675675676 46.7226890756302 47.2527472527473 47.3826714801444 47.5550122249389 47.1264367816092 46.6666666666667
"י" 6.99152542372881 7.01262272089762 5.34670008354219 7.75862068965517 5.58375634517767 7.95454545454545 7.42786985880909 6.68229777256741 7.93650793650794 5.34124629080119 8.64995957962813 5.55555555555556 6.52173913043478 6.52173913043478 6.63265306122449 5.42635658914729 3.78548895899054 7.12074303405573 6.83639792550684 5.4270462633452 5.96580574754456 6.82800345721694 5.4006968641115 6.09137055837563 8.02752293577982 7.67386091127098 7.06967213114754 8.04828973843058 6.08695652173913 8.49256900212314 7.58293838862559 7.52089136490251 7.69230769230769 8.52459016393443 8 6.81818181818182 9.63172804532578 6.63507109004739 7.62124711316397 6.65993945509586 7.56756756756757 7.05596107055961 5.01930501930502 6.38655462184874 6.90737833594976 6.76895306859206 5.25672371638142 6.89655172413793 2.53968253968254
"ו" 5.50847457627119 6.73211781206171 5.76441102756892 5.38793103448276 6.42978003384095 6.36363636363636 4.97237569060773 4.92379835873388 5.55555555555556 6.23145400593472 5.25464834276475 7.80780780780781 8.21256038647343 6.38586956521739 8.50340136054422 8.83720930232558 11.6719242902208 5.69659442724458 5.42197076850542 6.76156583629893 7.63914150600218 8.25410544511668 7.49128919860627 6.93739424703892 5.5045871559633 4.07673860911271 5.63524590163934 5.53319919517103 9.56521739130435 6.2278839348903 3.66783432928086 3.89972144846797 4.61538461538461 4.59016393442623 6.25 7.07070707070707 3.68271954674221 6.39810426540284 5.54272517321016 5.3481331987891 7.02702702702703 6.40713706407137 7.56756756756757 5.71428571428571 6.27943485086342 5.5956678700361 8.06845965770171 7.08812260536398 10.7936507936508
"ל" 3.8135593220339 3.2258064516129 4.01002506265664 5.17241379310345 4.82233502538071 3.86363636363636 3.86740331491713 3.75146541617819 3.85487528344671 2.9673590504451 3.55699272433306 3.3033033033033 4.34782608695652 4.7554347826087 3.57142857142857 3.41085271317829 3.47003154574133 3.40557275541796 3.77180575200377 4.09252669039146 3.81957075300109 3.06828003457217 5.4006968641115 3.04568527918782 4.58715596330275 3.83693045563549 4.30327868852459 3.420523138833 7.82608695652174 3.2554847841472 3.19390067999176 4.45682451253482 4.35897435897436 2.95081967213115 6.25 3.03030303030303 3.96600566572238 3.3175355450237 3.69515011547344 3.32996972754793 2.16216216216216 4.13625304136253 7.72200772200772 4.87394957983193 4.3956043956044 4.33212996389892 6.23471882640587 4.98084291187739 11.1111111111111
"ה" 2.96610169491525 2.945301542777 2.92397660818713 4.74137931034483 3.13028764805415 2.27272727272727 3.25352977286679 3.28253223915592 3.74149659863946 4.74777448071217 4.04203718674212 3.9039039039039 5.19323671497585 4.89130434782609 4.93197278911565 6.04651162790698 6.30914826498423 3.40557275541796 4.00754361150401 2.5355871886121 3.56493270280102 3.02506482281763 3.83275261324042 2.7072758037225 6.88073394495413 4.31654676258993 6.25 5.33199195171026 7.82608695652174 6.51096956829441 2.41087986812281 5.2924791086351 4.87179487179487 5.57377049180328 5.75 5.80808080808081 3.96600566572238 2.3696682464455 5.08083140877598 3.73360242179617 8.10810810810811 5.92051905920519 2.54826254826255 2.35294117647059 5.96546310832025 4.06137184115523 5.74572127139364 3.63984674329502 8.88888888888889
"א" 3.60169491525424 3.64656381486676 3.25814536340852 5.17241379310345 3.80710659898477 3.86363636363636 3.25352977286679 3.86869871043376 2.15419501133787 4.45103857566766 2.74858528698464 3.75375375375375 2.65700483091787 2.58152173913043 2.2108843537415 3.41085271317829 3.47003154574133 2.97213622291022 2.26308345120226 3.46975088967972 2.43724990905784 2.24719101123596 1.56794425087108 3.21489001692047 1.8348623853211 3.35731414868106 3.99590163934426 4.22535211267606 2.60869565217391 3.96319886765747 3.07026581495982 1.94986072423398 3.84615384615385 3.27868852459016 1.5 3.28282828282828 2.54957507082153 3.08056872037915 2.77136258660508 3.83451059535822 2.16216216216216 2.75750202757502 1.31274131274131 4.03361344537815 3.76766091051805 2.25631768953069 2.44498777506112 1.14942528735632 0.317460317460317
"ר" 3.38983050847458 3.08555399719495 3.67585630743525 1.50862068965517 3.63790186125212 3.18181818181818 2.39410681399632 2.81359906213365 2.94784580498866 2.9673590504451 2.82942603071948 3.45345345345345 2.65700483091787 2.58152173913043 4.25170068027211 2.32558139534884 3.15457413249211 2.29102167182663 2.82885431400283 3.82562277580071 2.61913423062932 2.85220397579948 2.4390243902439 4.73773265651438 1.8348623853211 3.35731414868106 2.76639344262295 1.81086519114688 0.869565217391304 2.05237084217976 3.04966000412116 3.34261838440111 3.84615384615385 1.31147540983607 2 2.02020202020202 4.24929178470255 5.45023696682464 2.77136258660508 2.52270433905146 2.7027027027027 2.91970802919708 1.85328185328185 3.69747899159664 2.82574568288854 4.06137184115523 3.30073349633252 2.68199233716475 1.9047619047619
"מ" 1.48305084745763 2.66479663394109 2.5062656641604 3.23275862068966 2.7072758037225 2.72727272727273 2.39410681399632 2.81359906213365 2.26757369614512 3.26409495548961 2.82942603071948 1.65165165165165 2.77777777777778 2.58152173913043 2.04081632653061 2.7906976744186 2.20820189274448 2.29102167182663 2.59311645450259 2.49110320284698 2.61913423062932 3.37078651685393 2.4390243902439 1.86125211505922 4.35779816513761 2.87769784172662 1.84426229508197 2.61569416498994 1.73913043478261 1.98159943382873 2.45209148980012 3.34261838440111 4.1025641025641 0.655737704918033 1.5 2.27272727272727 0.84985835694051 2.60663507109005 3.46420323325635 2.11907164480323 2.16216216216216 2.4330900243309 1.62162162162162 1.34453781512605 1.56985871271586 2.6173285198556 2.56723716381418 2.4904214559387 1.26984126984127
"ב" 2.54237288135593 2.66479663394109 3.34168755221387 1.72413793103448 2.96108291032149 1.81818181818182 1.90300798035605 3.04806565064478 3.51473922902494 2.37388724035608 1.94017784963622 3.15315315315315 2.77777777777778 2.03804347826087 1.87074829931973 1.55038759689922 2.8391167192429 2.84829721362229 2.64026402640264 3.69217081850534 3.34667151691524 2.59291270527226 1.39372822299652 3.21489001692047 3.44036697247706 2.39808153477218 2.56147540983607 2.11267605633803 1.73913043478261 3.04317055909413 2.78178446321863 1.1142061281337 0.769230769230769 3.27868852459016 3.25 3.78787878787879 3.96600566572238 2.3696682464455 1.38568129330254 3.53178607467205 3.78378378378378 2.83860502838605 1.54440154440154 2.52100840336134 2.51177394034537 3.15884476534296 1.9559902200489 4.40613026819923 4.12698412698413
"ת" 2.33050847457627 2.24403927068724 3.09106098579783 2.37068965517241 2.62267343485618 1.81818181818182 4.41988950276243 2.57913247362251 2.26757369614512 3.56083086053412 2.18270008084074 1.95195195195195 1.69082125603865 1.90217391304348 1.87074829931973 2.01550387596899 2.20820189274448 3.34365325077399 2.31023102310231 2.26868327402135 2.8373954165151 2.11754537597234 2.9616724738676 2.03045685279188 1.60550458715596 2.15827338129496 1.12704918032787 2.51509054325956 1.73913043478261 1.48619957537155 3.68844014011951 2.50696378830084 1.28205128205128 1.63934426229508 1.5 2.27272727272727 1.98300283286119 2.3696682464455 3.23325635103926 2.32088799192735 2.7027027027027 1.86536901865369 0.849420849420849 2.85714285714286 2.35478806907378 1.35379061371841 1.46699266503667 2.10727969348659 1.58730158730159
"ש" 3.17796610169492 1.82328190743338 2.25563909774436 1.93965517241379 2.62267343485618 1.13636363636364 1.78023327194598 1.8757327080891 2.26757369614512 2.07715133531157 2.18270008084074 1.95195195195195 2.77777777777778 2.30978260869565 2.38095238095238 2.63565891472868 1.26182965299685 1.85758513931889 2.82885431400283 2.58007117437722 2.10985813022917 2.11754537597234 2.61324041811847 2.19966159052453 2.98165137614679 1.19904076738609 1.53688524590164 1.7102615694165 0.869565217391304 1.41542816702052 2.16361013805893 3.89972144846797 3.84615384615385 3.27868852459016 2.25 3.53535353535354 2.54957507082153 2.8436018957346 2.3094688221709 2.72452068617558 2.7027027027027 1.78426601784266 1.23552123552124 4.36974789915966 2.66875981161695 2.34657039711191 2.32273838630807 2.29885057471264 1.26984126984127
"נ" 0.211864406779661 2.52454417952314 1.67084377610693 2.58620689655172 2.28426395939086 3.63636363636364 2.39410681399632 1.52403282532239 2.04081632653061 2.67062314540059 1.61681487469685 3.45345345345345 1.08695652173913 1.4945652173913 2.38095238095238 2.32558139534884 2.20820189274448 2.22910216718266 1.27298444130127 1.29003558718861 1.52782830120044 1.42610198789974 1.21951219512195 1.35363790186125 0.917431192660551 1.67865707434053 1.84426229508197 2.8169014084507 0.869565217391304 2.54777070063694 2.16361013805893 2.78551532033426 1.53846153846154 6.88524590163934 0.25 3.53535353535354 1.41643059490085 2.3696682464455 2.54041570438799 3.12815338042381 0.540540540540541 1.13544201135442 1.08108108108108 3.02521008403361 0.784929356357928 1.71480144404332 1.10024449877751 1.53256704980843 1.26984126984127
"ע" 2.96610169491525 1.54277699859748 2.92397660818713 1.07758620689655 1.94585448392555 1.59090909090909 1.96439533456108 1.75849941383353 3.06122448979592 0.890207715133531 3.39531123686338 2.55255255255255 1.69082125603865 1.76630434782609 1.87074829931973 2.01550387596899 2.8391167192429 1.85758513931889 2.68741159830269 1.95729537366548 2.36449618042925 2.33362143474503 3.13588850174216 2.36886632825719 2.75229357798165 1.67865707434053 1.94672131147541 1.30784708249497 1.73913043478261 1.76928520877565 1.99876365134968 1.39275766016713 2.82051282051282 3.27868852459016 3.25 2.02020202020202 0.84985835694051 2.3696682464455 2.3094688221709 2.82542885973764 2.16216216216216 1.86536901865369 2.93436293436293 1.84873949579832 2.51177394034537 1.44404332129964 1.71149144254279 1.53256704980843 1.9047619047619
"ד" 2.11864406779661 1.40252454417952 1.50375939849624 1.29310344827586 0.761421319796954 1.36363636363636 1.78023327194598 1.28956623681125 1.8140589569161 1.78041543026706 1.535974130962 1.65165165165165 1.69082125603865 2.03804347826087 1.19047619047619 1.86046511627907 2.8391167192429 1.60990712074303 1.36727958510137 1.33451957295374 1.60058202982903 1.55574762316335 3.13588850174216 2.36886632825719 1.60550458715596 1.67865707434053 1.12704918032787 1.50905432595573 0.869565217391304 1.48619957537155 2.43148567896147 0.557103064066852 0.512820512820513 1.63934426229508 1 0.757575757575758 0.28328611898017 0.4739336492891 1.84757505773672 2.32088799192735 2.16216216216216 1.21654501216545 3.08880308880309 1.34453781512605 1.72684458398744 1.44404332129964 0.855745721271394 1.53256704980843 0.634920634920635
"ם" 2.75423728813559 1.26227208976157 1.42021720969089 0.862068965517241 2.11505922165821 3.63636363636364 0.920810313075506 0.586166471277843 1.36054421768707 2.67062314540059 1.77849636216653 2.25225225225225 1.93236714975845 1.6304347826087 1.02040816326531 2.01550387596899 0.630914826498423 1.36222910216718 2.54596888260255 2.40213523131673 2.7646416878865 2.76577355229041 2.4390243902439 1.35363790186125 3.21100917431193 2.6378896882494 3.79098360655738 1.00603621730382 2.60869565217391 1.84005661712668 0.679991757675665 1.94986072423398 1.79487179487179 1.63934426229508 3.75 1.51515151515152 1.13314447592068 2.13270142180095 1.15473441108545 1.10998990918264 1.62162162162162 2.51419302514193 3.62934362934363 2.35294117647059 2.82574568288854 1.80505415162455 2.68948655256724 2.4904214559387 0.317460317460317
"כ" 1.69491525423729 1.54277699859748 1.75438596491228 0.862068965517241 1.1844331641286 2.04545454545455 1.59607120933088 1.52403282532239 1.36054421768707 1.18694362017804 1.05092966855295 1.65165165165165 1.93236714975845 1.6304347826087 1.36054421768707 0.775193798449612 1.26182965299685 2.53869969040248 1.13154172560113 1.46797153024911 1.01855220080029 0.993949870354365 1.74216027874564 1.1844331641286 0.688073394495413 1.43884892086331 1.33196721311475 1.60965794768612 2.60869565217391 1.27388535031847 1.66907067793118 1.1142061281337 0.769230769230769 1.31147540983607 0.75 0.757575757575758 3.39943342776204 2.13270142180095 0.69284064665127 1.10998990918264 2.7027027027027 2.27088402270884 2.93436293436293 2.01680672268908 0.313971742543171 1.53429602888087 2.07823960880196 2.10727969348659 0.952380952380952
"ח" 1.05932203389831 1.12201963534362 1.33667502088555 2.1551724137931 0.761421319796954 0.909090909090909 0.920810313075506 1.40679953106682 0.793650793650794 0 0.970088924818108 0.750750750750751 0.845410628019324 0.951086956521739 1.02040816326531 0.465116279069767 1.26182965299685 1.17647058823529 1.46157472890146 1.33451957295374 1.38232084394325 1.21002592912705 1.21951219512195 1.35363790186125 0.458715596330275 0.959232613908873 0.819672131147541 1.40845070422535 1.73913043478261 1.41542816702052 1.50422419122192 0.835654596100279 0.256410256410256 1.31147540983607 0.75 0.757575757575758 0.56657223796034 1.18483412322275 1.15473441108545 1.00908173562059 0 0.89213300892133 2.54826254826255 1.00840336134454 0.784929356357928 1.71480144404332 0.733496332518337 1.53256704980843 0.317460317460317
"ך" 0.847457627118644 0.561009817671809 0.75187969924812 1.29310344827586 1.01522842639594 1.36363636363636 1.35052179251074 2.11019929660023 1.02040816326531 1.48367952522255 0.485044462409054 0.15015015015015 0.120772946859903 0.407608695652174 0.170068027210884 0.465116279069767 0 0.928792569659443 0.518623290900519 0.400355871886121 0.363768643142961 0.302506482281763 0 0.50761421319797 0.229357798165138 0.239808153477218 0.819672131147541 0.503018108651911 0 0.283085633404105 2.76117865237997 0.835654596100279 2.30769230769231 0.327868852459016 0 0.757575757575758 3.39943342776204 0 0.69284064665127 1.2108980827447 0.540540540540541 0.40551500405515 0.231660231660232 0.840336134453782 0.470957613814757 0.72202166064982 0 0 0
"פ" 1.05932203389831 0.981767180925666 0.835421888053467 0.862068965517241 1.09983079526227 0.681818181818182 1.16635972989564 1.17233294255569 0.793650793650794 0 0.727566693613581 0.750750750750751 1.08695652173913 1.08695652173913 1.36054421768707 0.310077519379845 0.315457413249211 1.23839009287926 0.848656294200849 1.11209964412811 0.763914150600218 0.90751944684529 1.04529616724739 0.50761421319797 0.688073394495413 0.719424460431655 0.204918032786885 0.905432595573441 0 0.353857041755131 1.07150216361014 0.835654596100279 0.256410256410256 0.655737704918033 0.25 0.505050505050505 0.84985835694051 0.23696682464455 0.92378752886836 0.605449041372351 0 0.40551500405515 0.308880308880309 0.168067226890756 0.784929356357928 1.08303249097473 0.366748166259169 0.766283524904215 0.317460317460317
"ק" 0.635593220338983 0.841514726507714 0.417710944026733 0.431034482758621 0.592216582064298 0 0.736648250460405 0.703399765533411 0.566893424036281 0.890207715133531 0.889248181083266 0.750750750750751 0.36231884057971 0.815217391304348 0.850340136054422 1.55038759689922 0 0.86687306501548 0.612918434700613 0.711743772241993 0.400145507457257 0.734658599827139 0.522648083623693 1.01522842639594 0.458715596330275 1.19904076738609 0.102459016393443 0.704225352112676 0 0.495399858457183 0.906655676900886 0.835654596100279 0 0 1 0.757575757575758 0 0.947867298578199 2.07852193995381 0.605449041372351 0.540540540540541 0.24330900243309 0.231660231660232 0.168067226890756 0.784929356357928 0.812274368231047 0.611246943765281 0.574712643678161 0.952380952380952
"צ" 1.27118644067797 0.561009817671809 0.75187969924812 0 0.676818950930626 0.227272727272727 0.736648250460405 1.05509964830012 0.566893424036281 0 0.727566693613581 0.45045045045045 0.36231884057971 0.951086956521739 0.850340136054422 0.310077519379845 0.630914826498423 0.743034055727554 0.471475719000471 0.800711743772242 0.65478355765733 1.3828867761452 0.522648083623693 1.01522842639594 0 1.19904076738609 0.102459016393443 0.804828973843058 0 0.424628450106157 0.679991757675665 0.835654596100279 0.512820512820513 0 0.75 0.505050505050505 0.28328611898017 1.8957345971564 0 0.807265388496468 0.540540540540541 0.8110300081103 0.308880308880309 0.336134453781513 0.470957613814757 0.631768953068592 0.488997555012225 0.383141762452107 1.26984126984127
"ן" 0.635593220338983 0.280504908835905 0.334168755221387 0 0.253807106598985 0 0.184162062615101 0.82063305978898 1.13378684807256 0.593471810089021 0.404203718674212 0.3003003003003 0.241545893719807 0.815217391304348 0 0.62015503875969 0.315457413249211 0.371517027863777 1.32013201320132 0.444839857651246 0.436522371771553 0.345721694036301 0.348432055749129 0.846023688663283 0.229357798165138 1.19904076738609 0.614754098360656 0.402414486921529 0 0.424628450106157 0.103029054193283 0.835654596100279 0.769230769230769 0.327868852459016 0.75 0.252525252525253 0.84985835694051 0.23696682464455 0.23094688221709 0.504540867810293 0.540540540540541 0.72992700729927 0.308880308880309 0.336134453781513 0.627943485086342 0.541516245487365 0.488997555012225 0.191570881226054 0
"ס" 0 0.981767180925666 0.50125313283208 0.21551724137931 0.676818950930626 0.681818181818182 0.49109883364027 0.82063305978898 0.226757369614512 0.29673590504451 0.565885206143896 0.3003003003003 0.120772946859903 0.815217391304348 0.340136054421769 0 0.315457413249211 0.371517027863777 0.612918434700613 0.266903914590747 0.509276100400145 0.475367329299914 0.348432055749129 0.50761421319797 0 0.959232613908873 0.307377049180328 0.301810865191147 0.869565217391304 1.13234253361642 0.206058108386565 0.278551532033426 0 0 0.5 0 0.28328611898017 0.23696682464455 0.46189376443418 0.403632694248234 0 0.24330900243309 2.23938223938224 0.336134453781513 0.156985871271586 0.72202166064982 0.244498777506112 0.766283524904215 0
"ג" 0.423728813559322 0.841514726507714 0.417710944026733 0.431034482758621 0.338409475465313 0.454545454545455 0.675260896255371 0.586166471277843 0.566893424036281 0.29673590504451 0.727566693613581 0.45045045045045 0.483091787439614 0.543478260869565 0.340136054421769 0.62015503875969 0 0.247678018575851 0.424328147100424 0.578291814946619 0.509276100400145 0.561797752808989 0.522648083623693 0.169204737732657 0.458715596330275 0.719424460431655 0.819672131147541 0.603621730382294 1.73913043478261 0.283085633404105 0.350298784257161 0.835654596100279 0.256410256410256 0.983606557377049 0.25 1.01010101010101 0.84985835694051 1.18483412322275 0 0.201816347124117 0 0.48661800486618 0.540540540540541 0.504201680672269 0.156985871271586 0.541516245487365 0.488997555012225 0.574712643678161 0.952380952380952
"ז" 0 0.561009817671809 0.584795321637427 0.646551724137931 0.423011844331641 0.227272727272727 0.798035604665439 0 0.566893424036281 0.890207715133531 0.323362974939369 0.15015015015015 0.483091787439614 0.271739130434783 1.02040816326531 0.310077519379845 0.315457413249211 0.371517027863777 0.33003300330033 0.444839857651246 0.363768643142961 0.518582541054451 0.348432055749129 0.676818950930626 0.229357798165138 0.239808153477218 0.614754098360656 0.503018108651911 0 0.56617126680821 0.453327838450443 0 0.512820512820513 0.655737704918033 0 1.01010101010101 0.28328611898017 0 0.23094688221709 0.504540867810293 0 0.40551500405515 0.386100386100386 0.672268907563025 0.470957613814757 0.451263537906137 0.244498777506112 0.766283524904215 0.317460317460317
"ט" 0.635593220338983 0.420757363253857 0.50125313283208 0.431034482758621 0.169204737732657 0.227272727272727 0.429711479435236 0.468933177022274 0.226757369614512 0.29673590504451 0.646725949878739 0.15015015015015 0.36231884057971 0.407608695652174 0.340136054421769 0.465116279069767 0.315457413249211 0.247678018575851 0.518623290900519 0.222419928825623 0.254638050200073 0.302506482281763 0.522648083623693 0.676818950930626 0 0 0.512295081967213 0.201207243460765 0 0.424628450106157 0.638780135998351 0 0.256410256410256 0 1.5 0 0.56657223796034 0 0 0.100908173562059 0 0.24330900243309 0.154440154440154 0 0.313971742543171 0.451263537906137 0.244498777506112 0.191570881226054 0
"ץ" 0.423728813559322 0.420757363253857 0.334168755221387 0.21551724137931 0.169204737732657 0.909090909090909 0.122774708410068 0.117233294255569 0 0 0.0808407437348424 0.15015015015015 0.483091787439614 0.543478260869565 0.510204081632653 0.155038759689922 0.315457413249211 0.247678018575851 0.33003300330033 0.311387900355872 0.218261185885777 0.0864304235090752 0 0.338409475465313 0.229357798165138 0.239808153477218 0.307377049180328 0 0 0 0.123634865031939 0 0.256410256410256 0 0 0 0 0.23696682464455 0 0.100908173562059 0.540540540540541 0.24330900243309 0.0772200772200772 0.168067226890756 0.156985871271586 0.451263537906137 0.611246943765281 0 0
"ף" 0 0.140252454417952 0.25062656641604 0 0.169204737732657 0 0.0613873542050338 0.351699882766706 0 0.29673590504451 0 0 0.120772946859903 0 0.170068027210884 0 0 0.123839009287926 0.141442715700141 0.133451957295374 0.181884321571481 0.0432152117545376 0.174216027874564 0 0 0 0.307377049180328 0 0 0 0.041211621677313 0.278551532033426 0 0 0 0 0 0.23696682464455 0 0 0 0.16220600162206 0.154440154440154 0 0.156985871271586 0 0.122249388753056 0.191570881226054 0.317460317460317
"t" 0 0.280504908835905 0 0 0 0.227272727272727 0 0 0 0 0.0808407437348424 0 0 0 0 0 0 0 0.0471475719000471 0 0.0363768643142961 0.0432152117545376 0 0 0 0 0 0 0 0 0.0206058108386565 0 0 0 0.5 0 0 0 0 0 0 0 0 0 0 0 0 0 0
"d" 0 0 0 0 0 0 0 0 0 0 0 0 0 0 0 0.155038759689922 0 0 0 0 0 0 0 0 0 0 0 0 0 0 0 0 0 0 0 0 0.28328611898017 0 0 0 0 0.08110300081103 0 0 0 0 0 0 0
"c" 0 0 0 0 0 0.227272727272727 0.0613873542050338 0 0 0 0 0 0 0 0 0 0 0 0 0 0.0363768643142961 0 0 0 0 0 0 0 0 0 0 0 0 0 0 0 0 0 0 0 0 0 0 0 0 0 0 0 0
"m" 0 0 0 0 0 0 0 0 0 0 0 0 0 0 0 0 0 0 0 0 0 0 0 0 0 0 0 0 0 0 0 0 0 0 0 0 0 0 0 0 0 0 0 0 0 0 0 0 0
